23133 186936
41 7473
41 254
41 6864
41 4226
41 7484
41 6881
41 7492
41 7495
41 4968
41 7500
41 7501
41 7502
41 2709
2709 5180
5180 7105
5180 7110
5180 5182
5180 4293
4293 5189
5182 5185
5182 98
5182 5195
5195 17804
5195 4952
4952 4950
4952 7708
7708 1082
7708 7713
1082 1656
1082 7704
1082 7705
1082 7717
1082 7719
7705 7702
7702 2351
7702 7722
2351 7707
7704 20998
1656 20464
1656 15952
1656 1653
1656 209
1656 1659
1656 14624
1656 18991
1656 20471
20471 7575
7575 10330
18991 18986
1653 1664
1664 14619
1664 14622
1664 14625
15952 15955
20464 20470
20470 20465
17804 6885
17804 17806
17806 17805
6885 6882
6882 6857
6882 2925
2925 2912
2925 2917
2925 14968
14968 11422
11422 6671
11422 12939
6671 1016
1016 7992
98 938
5185 10687
5185 14921
10687 12979
12979 18374
7110 14357
7110 7113
7110 14359
7105 20859
7105 17072
7105 7114
7114 6062
6062 5874
6062 15430
6062 7998
7998 14184
5874 7997
17072 20859
7500 2054
2054 2051
2051 2056
2051 17609
2051 2059
2059 14807
14807 7496
17609 17610
7492 7478
6881 9688
9688 9684
9684 9691
7484 11240
4226 18638
4226 18639
6864 1117
1117 8726
1117 10850
1117 19461
1117 3607
1117 10899
19461 6878
6878 7983
7983 20835
7983 19460
10850 6600
8726 8727
8726 8728
8728 13661
254 2181
254 13616
254 13618
254 2212
254 13626
254 2248
254 13631
13626 7132
7132 13630
13616 22640
2181 2257
57 2851
57 2852
57 108
57 2857
57 2861
57 2863
57 2864
57 2814
57 2870
57 2886
57 2823
57 2891
57 2826
57 2518
2826 2824
2824 2815
2870 2846
2846 16542
2846 17734
2863 2848
2848 3565
3565 9295
3565 9298
3565 9299
3565 9302
9298 3564
108 112
108 2961
108 2965
2965 86
86 3738
86 4080
86 4081
86 4088
86 4089
86 1437
86 1987
86 1443
86 2621
2621 3014
3014 4715
3014 4718
4718 4715
4718 4717
4717 4716
1987 3947
1987 5847
5847 16367
1437 4324
112 2934
112 4563
99 5147
99 18702
99 5165
99 2107
99 1797
99 2900
2900 15369
2900 17349
1797 1776
1776 573
1776 14075
573 14083
2107 11516
2107 10804
2107 13805
2107 10081
2107 10289
2107 13812
2107 13806
10081 11516
10804 1671
10804 10285
10285 8873
8873 16195
8873 16199
8873 16200
16199 16198
1671 6087
1671 9250
1671 1675
1671 1684
1684 1898
1684 1912
1912 17305
1912 1898
1912 17306
1912 17307
17305 1934
9250 9256
9256 478
9256 16257
478 447
447 469
447 485
447 487
487 19749
487 483
483 3460
3460 6104
3460 488
488 6677
488 6678
488 486
488 6683
486 6678
19749 13393
6087 8329
11516 11523
5165 5107
5107 21705
5107 5110
5110 5108
5110 2423
2423 1615
2423 5114
5114 7046
5114 3942
3942 5150
3942 7055
3942 2521
2521 1392
1392 7414
1392 1430
1392 1434
1434 18294
1434 18295
1434 18296
1434 15718
1434 18297
1434 18298
18298 18299
18299 18295
15718 12280
18296 14828
14828 8904
5150 7043
5150 11316
5150 16528
5150 11322
5150 7058
11316 1735
1735 18376
1735 10408
10408 10412
18376 18377
7046 7044
1615 316
1615 1899
1615 1618
1615 9123
1615 1908
1615 1909
1909 6350
1909 2537
1909 8090
1909 6585
1909 2538
1909 11
1909 8091
11 386
11 10274
11 8099
6585 10
10 14371
10 14372
10 8096
8096 16034
8096 16035
2537 2534
6350 15337
6350 7368
1899 1918
316 1886
316 4943
5108 8824
255 10508
255 2895
255 7857
255 267
255 9152
255 16935
255 1071
255 1097
255 16170
255 1803
255 2690
255 1567
1567 385
385 3609
3609 2048
3609 7427
3609 7424
2048 2856
2856 6226
2856 21002
6226 3251
3251 15673
3251 6221
3251 12340
3251 15674
15674 15673
12340 12339
12340 14078
14078 7179
7179 17315
7179 14
14 12342
14 12344
12342 12345
12342 12347
12347 12337
12345 12336
12336 12343
6221 6220
2690 2691
2691 2686
1803 5629
1803 12404
12404 19446
12404 12405
5629 12110
5629 12111
12110 16286
1097 14919
16935 20204
9152 8825
267 1598
267 1606
1606 1601
1601 1602
1598 1604
1598 1605
10508 20207
10508 18189
18189 15220
15220 19406
15220 19407
15220 19410
19407 19399
19399 19404
19404 19402
19404 19413
260 18984
260 18465
260 18988
260 11877
260 14616
260 8667
260 18990
260 15017
260 17266
260 18992
260 11115
18990 18987
18988 14695
18988 289
289 15518
289 4600
289 6432
4600 8105
8105 5368
5368 13050
5368 13051
5368 10779
15518 10647
15518 17999
10647 17997
10647 10648
18465 18984
18465 19576
18465 18466
18984 18985
349 966
349 969
349 971
349 981
349 1003
349 1006
349 1011
349 1015
349 1037
349 1059
349 1085
349 1094
349 1100
349 1124
349 1132
349 1148
349 1150
349 1161
349 1165
1161 1115
1115 2372
1115 12958
1115 12959
12959 16611
16611 17320
16611 12396
12396 17324
17320 17323
1132 1014
1014 8702
1100 1112
1094 998
1085 2020
1059 9094
1059 9096
1059 5183
1059 10454
1059 14792
10454 15026
5183 6818
9096 9094
9096 9103
1037 1183
1183 1180
1180 966
1180 970
1180 11225
970 12724
12724 12718
12718 12723
12718 12717
12717 12719
12717 12722
12717 12723
12723 17616
17616 3905
3905 17744
3905 17745
3905 242
242 7313
242 12657
242 3672
7313 244
244 15503
244 15504
244 15505
15504 743
17744 17743
1011 1102
1003 17630
1003 982
1003 5119
5119 17630
5119 257
5119 18543
5119 10031
5119 11857
257 259
259 283
17630 9972
17630 21955
982 1121
971 18208
969 13562
969 1199
1199 18476
1199 18477
1199 13563
1199 18478
13562 13561
439 4997
439 5000
439 5001
439 5005
439 5006
439 5008
439 5015
439 4417
439 912
439 1703
439 5026
439 5027
439 5030
439 5031
439 5032
439 5035
439 5036
5035 14004
5032 12314
12314 3634
3634 15536
3634 10658
3634 3631
3634 915
3634 14369
15536 15541
5027 4998
5001 907
907 916
907 7283
7283 7284
5000 5406
527 3700
527 3701
527 3663
527 3703
527 3704
527 3709
527 3710
527 2996
527 530
527 1893
527 3719
527 3722
527 3679
527 3685
527 3726
527 3727
3722 1280
3722 5775
1280 5786
1280 1830
1280 1835
1835 5779
1835 5783
3719 20372
3719 18459
3719 18460
3719 20376
20376 20377
18460 18458
1893 6362
1893 6363
1893 1084
1893 3885
1893 6365
1893 6367
1893 1184
1184 2192
1184 2304
1184 2311
1184 2318
1184 1068
1184 2324
1184 2326
1184 2327
1184 2328
1184 2336
1184 2337
1184 2347
1184 2252
1184 2350
1184 2359
1184 548
548 525
548 6801
548 7729
548 2757
2757 894
894 2753
525 5930
2347 2358
2358 2316
2337 2349
2311 7376
2311 13668
2311 11651
11651 4577
4577 58
4577 4580
58 1210
13668 18055
18055 9315
3885 5653
3885 6482
6482 7855
7855 1031
1084 2018
1084 2022
1084 1078
1084 2028
2028 2023
2028 14963
2028 12491
12491 246
246 14826
14963 14964
1078 4407
1078 4435
2022 2034
2034 19889
2034 19888
19888 19889
2018 14252
2018 2418
2418 2402
2402 2396
2396 12704
2396 12107
2396 2389
2396 2392
2396 1429
1429 3112
2392 53
53 2391
53 2394
53 2421
53 2424
2424 7304
2391 9556
2389 5643
2389 5647
2389 2399
2389 12954
2389 5649
2389 1054
1054 12234
1054 12235
12235 1062
12234 20069
2399 11013
2399 2670
2399 10393
10393 250
250 10392
250 6347
250 1910
250 10395
250 4850
4850 4393
4393 4844
4393 4845
1910 2422
2422 2384
2422 2403
2422 7303
2422 2420
2422 7305
2420 4065
2420 2273
2420 174
2420 2680
2420 148
148 9636
148 9638
9636 13398
174 171
174 3472
174 3493
174 2693
3472 3473
2384 14576
2384 14577
2384 422
2384 7456
7456 7455
422 3891
422 3895
422 3901
422 3906
3895 10707
3895 3902
2670 6346
2670 6349
2670 6352
2670 6353
6353 7276
6346 141
141 11182
11182 11173
11182 11183
11182 14301
11173 11180
11173 11181
11013 2410
2410 502
2410 4656
2410 17880
2410 17881
4656 11813
4656 4672
11813 11822
11822 4607
502 11748
12107 13985
530 1883
530 2817
530 5494
530 3683
3683 3669
3683 2996
2996 470
2996 5738
470 14515
2817 2810
2810 2790
2810 2813
2810 2819
2790 2829
2790 2832
2829 8839
2829 2834
1883 7457
7457 16729
2996 3698
2996 3715
3698 3716
3716 4373
3716 6285
4373 6279
4373 6335
6335 5788
5788 3967
5788 8165
5788 8169
5788 8170
5788 8173
5788 8176
5788 8179
8179 8170
8179 12619
8179 8177
8179 8784
8784 8782
8782 8783
8165 13827
8165 8166
3967 13380
3710 3779
3704 16784
3701 22057
3701 22054
22054 22055
22055 22053
22057 22056
3700 3714
3714 2668
829 6129
829 6145
829 6148
829 6160
829 6179
829 6186
829 6188
829 6191
829 6197
829 6198
6191 15838
6191 15839
6191 8190
6191 6169
6191 12765
6191 15837
6191 11079
6191 6761
11079 15841
6169 14779
6169 14780
6169 14785
14779 9000
9000 9003
9003 1179
1179 2153
1179 8999
1179 9002
1179 1973
1179 8155
2153 2158
2153 2171
2153 2173
2153 2177
8190 18355
8190 18356
8190 18357
18357 18355
15839 716
15839 20228
20228 20226
6179 9311
6179 8698
8698 9310
9310 9313
9313 9312
9312 15562
6160 6175
6148 19256
19256 20255
6129 6174
6174 20200
854 4376
854 4016
854 9386
854 9430
854 9389
854 9392
854 9437
854 3795
854 4976
854 1742
854 9446
854 9450
854 855
854 780
854 782
782 2009
782 3642
782 8274
782 13222
782 3124
782 13223
3642 3620
3620 3580
3580 3615
3580 3617
3580 3621
3580 3622
3580 3625
3580 3626
3580 3628
3580 3629
3580 3632
3580 3643
3580 3645
3580 3646
3580 3647
3580 3649
3580 3650
3580 3651
3649 17989
3647 13997
3647 13998
3647 3618
3647 14001
3647 1269
3647 9826
3647 14003
3647 14005
1269 13997
1269 787
1269 1452
1452 1444
1452 4581
1452 15481
4581 6838
4581 6835
1444 17210
1444 17211
1444 17212
3646 3624
3645 6570
3632 3636
3636 5479
3636 3644
3629 15128
3628 5955
3617 13570
2009 15465
2009 780
780 9894
15465 15462
780 13220
13220 3013
3013 5197
3013 13529
3013 7940
5197 5202
1742 15132
1742 15133
1742 15134
1742 15135
1742 15136
15135 15132
9392 9402
9402 6396
9389 4996
9389 9386
9430 20845
20845 20968
20845 20969
4016 10467
4376 16112
4376 16113
4376 9442
4376 16111
4376 16114
16111 16110
16111 913
913 16806
913 16807
913 16797
913 16808
16797 16806
16806 910
16110 15396
16110 6458
6458 11209
16112 20079
16112 16251
16251 16254
16254 16256
16254 16259
16256 22161
949 12206
949 7534
949 1642
949 6861
949 7539
949 10678
949 5523
949 12975
949 12978
949 6648
949 4963
949 12982
949 1126
949 12984
949 12985
949 4966
949 7122
949 11320
949 1626
1626 1619
1626 1644
1626 1647
1619 1630
1619 1632
1619 1620
1619 1633
1632 18421
18421 18420
1630 1636
1636 1629
1629 1627
7122 7289
7122 7290
12985 12966
12966 6032
12966 20911
6032 12967
6032 12970
6032 12982
1126 13917
1126 13913
13913 13914
13914 13923
13914 13920
12978 17219
12978 17221
12975 12971
12971 16050
10678 6836
10678 15723
6836 9929
6836 17209
6836 15722
9929 18796
7539 19055
19055 7533
19055 19056
19056 19053
19056 7540
7540 9844
7540 9855
9855 7546
7546 1027
1027 9835
1027 9836
1027 8842
1027 2297
1027 9843
1027 9846
2297 9837
2297 13856
8842 8858
9844 9849
19053 22758
6861 6897
6897 6883
1642 18739
1057 3765
1057 6867
1057 6869
1057 6874
1057 6875
1057 2873
1057 6890
1057 6894
1057 3611
2873 7661
2873 731
2873 4882
4882 4751
4882 13111
4882 13113
4882 6051
4882 6054
4751 4754
4751 4880
731 3447
731 13202
3447 2849
3447 3981
3981 7431
3981 3983
7431 16025
2849 7666
2849 7669
2849 7670
2849 7671
6874 9856
3765 3638
3638 3766
3638 3770
3638 3776
1265 3273
1265 3275
1265 3279
1265 3283
1265 3156
1265 3285
1265 3286
1265 3292
1265 3295
1265 3302
1265 3303
1265 3316
1265 3321
1265 3331
1265 3336
1265 3337
1265 3342
1265 3350
3350 3305
3342 3320
3320 3272
3320 3277
3336 3317
3316 3312
3312 10039
3292 3339
3339 12655
3286 3335
3335 3294
1369 10599
1369 13690
1369 13692
1369 9944
1369 11390
1369 8205
1369 13697
1369 1346
1369 1103
1369 1928
1369 1929
1369 13701
1369 13704
1369 10602
1369 1182
1369 12654
1182 2642
1182 1020
1182 7143
1182 15548
1182 15550
15550 15549
7143 19648
7143 15509
7143 15510
7143 18212
7143 14940
18212 4903
4903 4902
4903 18210
18210 4898
4898 4902
4902 4895
4895 4897
4895 4894
4895 4900
4895 4904
4895 4905
4895 4908
4902 4906
4906 4911
15510 15508
15508 19643
19643 15507
15507 19646
15509 16865
15509 19645
2642 7553
2642 7554
2642 7555
2642 7566
2642 5230
5230 1855
7555 6270
7555 4708
4708 15459
4708 10884
6270 21818
6270 6268
6268 6262
6262 6264
6262 6261
6262 6272
6262 711
7554 7556
7556 7558
7553 7560
10602 10597
10602 8517
8517 8528
13701 21102
1928 1930
1930 1924
1930 376
376 1921
376 1922
376 261
376 377
261 263
1921 1931
1103 12685
1346 1352
1346 1353
1346 1358
1346 448
1346 1368
1346 1372
448 10432
448 2844
2844 7975
2844 6011
2844 6012
1353 1357
1352 8561
1352 8562
1352 4454
8205 8197
8205 21737
21737 21738
21738 8197
8197 3594
3594 20483
3594 477
477 8194
477 5414
477 2496
477 8210
477 8214
477 8217
8214 416
416 4602
416 4594
416 8347
416 9812
9812 9804
9804 18807
18807 9802
8347 20852
8347 20853
20853 20852
20852 20851
4594 4609
4594 4615
4602 21360
5414 3664
20483 20482
20483 20488
20488 6851
6851 20479
6851 20480
6851 6845
6845 6847
6847 6840
20480 20479
20480 20481
20481 20479
20482 20486
20482 20487
20487 20486
11390 11389
11389 11385
9944 9946
9944 9948
13692 13696
1517 18709
1517 18710
1517 1858
1517 8695
1517 15125
1517 1108
1517 1342
1517 15800
1517 15801
1517 10575
1517 18717
1517 16017
1517 17650
17650 22361
22361 22362
16017 10015
10015 10019
10575 18716
18716 18710
1342 10921
1108 6714
1108 14982
1108 3110
3110 6340
3110 4838
6340 6339
6340 16717
6340 16175
16717 13810
15125 20777
20777 20778
8695 14542
8695 10786
10786 18056
10786 1325
1325 8775
1858 1851
2092 16708
2092 5998
2092 7177
2092 4781
2092 16718
2092 6964
2092 16719
4781 4778
4778 12398
4778 12399
4778 12401
12399 19177
12398 7430
7430 7428
7428 7443
5998 2088
2088 2522
2522 15517
2522 16998
15517 4036
2172 2183
2172 2186
2172 2194
2172 2196
2172 2200
2172 2202
2172 2209
2172 2214
2172 2220
2172 2222
2172 2225
2172 2228
2172 2231
2172 2237
2172 2240
2172 2258
2172 2259
2172 2260
2172 2264
2172 2265
2172 2266
2266 2231
2258 9511
2258 9512
2258 9507
2240 2211
2231 2230
2220 2234
2214 2549
2214 2188
2214 2251
2251 2204
2204 2188
2204 2196
2196 2198
2198 15054
2198 11282
11282 15050
11282 15053
11282 11271
11282 11272
11282 15057
15057 15051
11272 11271
11271 11276
15054 15052
15052 15056
2202 2499
2202 18513
2499 8531
2194 2262
2262 2208
2262 2170
2170 2162
2162 2174
2162 2176
3073 11023
3073 16309
3073 13400
3073 3950
3073 12087
3073 16312
3073 15247
3073 16315
3073 13185
3073 12419
3073 3311
3073 14105
3073 1563
3073 88
3073 3944
3073 9318
3944 17929
17929 17926
88 16957
16957 16959
16959 16958
3311 3281
3311 10517
3311 10519
3311 6070
3311 3318
3311 10531
3318 4035
4035 7383
4035 1957
1957 282
282 1948
282 1950
282 1954
282 1958
1958 25
25 3019
25 1892
25 24
25 7328
24 4
24 4381
24 1702
24 7893
1702 1701
4 0
0 1
0 19
0 28
0 36
36 389
389 382
389 3660
389 3661
28 7888
19 5
19 20664
5 452
452 1884
452 8447
452 5434
452 384
452 8448
8447 8446
1892 7386
1892 7385
1954 9919
1954 9927
9927 1533
9927 9914
9914 17342
1533 12305
1533 19782
1533 1542
9919 18994
18994 4077
18994 18995
4077 2929
1948 1942
7383 2405
6070 13367
6070 13659
6070 10532
6070 6078
13367 13371
13367 13372
10519 10509
10509 5127
5127 13660
13660 15816
15816 11392
15816 21790
15816 23045
15816 23046
23046 23045
11392 15814
11392 10206
11392 6958
6958 19381
6958 18643
6958 10208
6958 4491
6958 22040
4491 4481
4491 10212
10212 12760
4481 16416
4481 16417
4481 6665
4481 16426
4481 10318
4481 12926
10318 10306
10318 10319
10319 10300
16426 21159
6665 16431
16431 16418
16431 16429
16431 6666
6666 16423
6666 16430
6666 6667
6666 10742
6666 10323
10323 10742
10323 16437
16437 7515
7515 9505
9505 9506
10742 4493
10742 10721
10742 10724
10724 10718
10721 10733
10733 10719
6667 5918
6667 19575
5918 16150
5918 5491
5918 17541
5491 18389
5491 5924
16430 21995
16430 21876
16430 16420
16430 21998
16430 13993
13993 21877
13993 21998
13993 21999
13993 22003
13993 22004
22003 22002
21998 22000
21877 21997
21997 21996
21876 21879
16423 16415
16416 16414
16416 5306
5306 9336
10208 11408
11408 11384
19381 10211
10211 19383
19383 11391
11391 11406
10206 10210
3281 3287
3281 3346
3346 6276
6276 13402
13402 13403
12419 17175
13185 13196
13196 11528
16315 16317
16315 16323
16323 16317
15247 21184
15247 21183
15247 15250
15250 13114
12087 3948
12087 12091
3948 5209
3948 14317
3948 3743
3743 3753
3753 6955
3753 2381
3753 10179
3753 13745
13745 17537
13745 17539
17539 17538
10179 7147
10179 7551
7551 7536
7551 7549
7536 7545
7147 1079
7147 18770
18770 9992
9992 15413
9992 9613
9992 7241
7241 4940
2381 3697
2381 2063
2063 16830
5209 16747
5209 15366
5209 7491
5209 14181
15366 18747
3950 3959
16309 21559
11023 11029
11029 22621
3880 16707
3880 13615
3880 14316
3880 8631
3880 12980
3880 9889
3880 7127
3880 3044
3044 8511
3044 7701
3044 8130
3044 8558
3044 3043
8558 8130
8130 8132
8130 3038
7701 715
715 6669
715 8554
715 8646
715 8647
8646 19501
19501 19500
19500 14580
8554 6776
6669 3619
6669 14114
6669 14115
6669 14116
6669 14117
14115 17995
8511 8529
8511 8525
8511 8527
8511 8514
8514 8507
8527 8516
8527 15741
8527 15746
8527 15748
8527 15749
15749 15746
15741 15739
8631 9660
8631 9662
8631 9663
8631 9666
8631 758
8631 9670
758 754
9666 10867
9666 5934
5934 10868
10868 10859
9660 20363
9660 805
805 10854
805 10856
805 10858
805 10860
805 10862
805 10866
14316 10522
14316 8041
10522 19259
-1 -1
41 57 99 255 260 349 439 527 829 854 949 1057 1184 1265 1369 1517 2092 2172 3073 3880 