962
0 1
0 2
0 3
0 4
0 5
0 6
0 7
0 8
0 9
0 10
0 11
0 12
0 13
13 14
14 15
15 16
15 17
15 18
12 19
19 20
10 21
21 22
21 23
6 3
5 24
24 25
1 26
1 27
1 28
29 30
29 31
29 32
29 33
29 34
29 35
29 36
29 37
29 38
29 39
29 40
40 41
40 37
37 42
42 43
43 44
43 45
43 46
39 47
39 48
39 49
49 50
49 51
49 52
52 53
52 54
52 55
54 56
54 57
54 58
58 59
58 60
57 56
57 61
61 62
61 63
62 64
64 65
53 66
66 67
66 68
68 69
68 70
68 71
68 72
71 73
71 74
73 75
75 76
69 77
77 78
77 79
77 80
77 81
81 82
81 83
83 84
84 85
47 86
47 87
38 88
38 89
36 90
36 91
91 92
92 93
92 94
90 95
34 96
34 97
34 98
34 99
34 100
99 101
99 102
99 103
99 104
102 105
98 106
106 107
106 108
106 109
106 110
106 111
106 112
112 113
113 114
113 115
113 116
107 117
117 118
118 119
96 120
120 121
120 122
122 121
32 123
30 124
30 125
125 126
127 128
127 129
127 130
127 131
127 132
127 133
127 134
127 135
127 136
127 137
127 138
127 139
127 140
127 141
127 142
127 143
127 144
127 145
127 146
127 147
127 148
127 149
127 150
149 151
148 152
148 153
148 154
154 155
154 156
147 157
147 158
145 159
145 160
145 161
160 162
160 163
160 164
160 165
144 137
143 166
166 167
166 168
168 169
169 170
142 171
142 172
142 173
142 174
140 175
137 176
136 177
136 178
177 179
177 180
177 181
177 182
177 183
177 184
184 185
185 186
185 187
185 188
185 189
185 190
185 191
185 192
185 193
193 194
194 195
194 196
194 197
197 198
197 199
197 200
197 201
197 202
202 203
202 204
202 205
202 206
202 207
202 208
202 209
202 210
202 211
202 212
202 213
202 214
202 215
202 216
202 217
202 218
202 219
218 220
218 221
218 222
222 223
222 224
222 225
225 226
220 227
220 228
217 229
216 230
216 231
216 232
232 233
232 234
232 235
232 236
232 237
234 238
233 239
239 240
240 241
241 242
241 243
241 244
241 245
241 246
241 247
241 248
241 249
241 250
248 251
248 252
248 253
248 254
248 255
255 256
255 257
257 258
257 259
259 260
260 261
261 262
253 263
253 264
264 251
264 265
264 266
264 267
266 268
268 269
243 270
243 271
243 272
242 273
242 274
274 275
230 276
230 277
230 278
230 279
230 280
230 281
276 282
276 283
276 284
284 283
283 285
285 286
283 287
282 288
282 289
282 290
214 291
214 292
291 293
293 294
294 295
295 296
213 297
211 298
200 299
200 300
200 301
200 302
200 303
200 304
304 305
303 306
303 302
306 307
306 308
306 309
309 310
308 311
308 312
311 313
301 314
300 315
195 316
195 317
195 318
195 319
319 318
319 320
317 321
317 322
317 323
317 324
317 325
325 326
322 327
322 328
322 329
322 330
322 331
331 332
332 333
332 334
332 335
335 336
335 337
335 338
335 339
339 340
339 341
341 342
341 343
341 344
341 345
341 346
341 347
341 348
341 349
349 350
340 351
340 352
340 353
340 354
340 355
340 356
340 357
340 358
358 359
359 360
359 361
359 362
359 363
361 360
357 364
357 365
357 366
366 367
366 368
368 367
365 369
365 370
365 371
369 372
353 373
373 374
374 375
352 376
376 377
376 378
376 379
376 380
379 377
378 381
334 382
382 383
382 384
384 385
385 386
386 387
386 388
388 389
383 390
383 391
333 328
333 392
316 393
316 394
192 395
395 396
396 397
396 398
398 399
399 400
399 401
399 402
399 403
399 404
402 405
402 406
402 407
406 408
408 409
408 410
408 411
405 412
412 413
412 414
188 415
188 416
188 417
188 418
418 419
418 416
418 420
418 421
418 422
422 423
423 424
423 425
425 426
420 427
186 428
186 429
183 430
430 431
430 432
431 433
181 434
181 435
181 436
181 437
437 438
437 439
439 440
439 441
441 442
441 443
438 444
438 445
435 446
446 447
447 448
448 449
448 450
448 451
448 452
450 453
434 454
434 455
434 456
434 457
180 458
180 459
180 460
458 461
461 462
461 463
463 464
135 465
135 466
465 467
465 468
134 469
129 470
470 471
128 472
472 473
474 475
474 476
474 477
474 478
474 479
474 480
474 481
474 482
474 483
474 484
474 485
474 486
474 487
474 488
474 489
484 490
481 491
480 492
475 493
494 495
494 496
494 497
494 498
494 499
494 500
494 501
494 502
494 503
494 504
494 505
494 506
494 507
494 508
494 509
494 510
494 511
494 512
494 513
494 514
511 515
507 516
507 517
517 518
517 519
516 520
516 521
521 522
522 523
523 524
520 525
506 526
506 527
506 528
506 529
506 530
530 531
505 532
505 533
505 534
505 535
535 536
536 537
536 538
536 539
538 540
532 541
504 542
504 543
504 544
543 545
545 546
546 547
546 548
548 549
548 550
550 551
550 552
549 553
549 554
549 555
549 556
556 554
555 557
555 558
558 559
547 560
547 561
561 562
561 563
561 564
560 565
560 566
542 567
567 568
567 569
567 570
567 571
568 572
572 573
573 574
574 575
502 576
576 577
576 578
501 579
500 580
500 581
500 582
500 583
500 584
500 585
500 586
500 587
500 588
500 589
500 590
500 591
500 592
592 593
592 594
592 595
592 596
592 597
592 598
592 599
599 600
599 593
599 585
599 601
599 602
601 603
600 604
604 605
604 606
606 607
606 608
606 609
608 610
608 611
611 612
607 613
607 614
605 615
615 616
598 617
598 618
598 619
619 620
619 621
621 622
622 623
620 624
617 625
617 626
626 627
626 628
628 629
628 630
630 629
630 631
631 632
631 633
632 634
634 635
629 636
627 637
637 638
638 639
595 640
594 641
641 642
588 643
588 644
584 645
584 646
645 647
645 648
648 649
648 650
648 651
582 652
499 653
498 654
498 655
655 656
655 657
657 658
658 656
656 659
497 660
497 661
497 662
661 663
661 664
661 665
664 666
663 667
667 668
496 669
496 670
670 671
671 672
495 673
495 674
674 675
673 676
676 677
677 678
678 679
679 680
681 682
681 683
681 684
681 685
681 686
681 687
681 688
681 689
681 690
681 691
681 692
681 693
681 694
681 695
681 696
681 697
681 698
681 699
699 700
699 701
699 702
699 703
701 704
701 705
701 706
701 707
707 708
708 709
709 710
710 711
710 712
710 713
711 714
711 715
715 716
716 717
717 718
718 719
719 720
706 721
706 722
706 705
706 723
723 721
723 724
705 725
700 726
726 727
726 728
727 729
698 730
730 731
696 732
696 733
732 734
732 735
732 736
736 737
736 738
736 739
736 740
695 741
695 742
695 743
695 744
695 745
741 746
741 747
741 748
748 749
749 750
749 751
750 752
750 753
750 754
750 755
752 756
693 757
757 758
691 759
689 760
686 761
761 762
685 763
763 764
764 765
765 766
767 768
767 769
767 770
767 771
767 772
767 773
767 774
767 775
767 776
767 777
767 778
778 779
778 780
779 781
773 782
782 783
782 771
784 785
784 786
784 787
784 788
784 789
784 790
789 791
788 792
788 793
788 794
788 795
788 796
788 797
788 798
788 799
788 800
788 801
788 802
788 803
803 804
803 805
803 806
803 807
807 808
808 809
806 810
804 811
804 812
804 813
813 814
802 815
802 816
816 817
817 818
817 819
817 820
820 819
797 821
821 822
821 823
821 793
821 824
821 825
821 826
825 827
823 828
822 829
796 830
792 831
787 832
787 833
833 834
834 835
832 786
832 836
832 837
837 838
836 839
839 840
840 841
840 842
840 843
840 844
843 845
845 846
845 847
847 848
846 849
841 850
841 851
851 852
852 853
852 854
853 855
853 856
853 857
857 858
857 859
857 860
860 861
860 862
860 863
863 864
864 865
864 866
866 867
866 868
866 865
866 869
866 870
870 871
865 872
858 873
858 874
850 875
786 876
785 877
785 878
877 879
879 880
879 881
879 882
883 884
883 885
883 886
883 887
883 888
883 889
883 890
883 891
883 892
883 893
883 894
883 895
883 896
883 897
883 898
883 899
898 900
898 901
898 902
898 903
902 904
896 905
896 906
896 907
907 908
908 909
908 910
910 911
894 912
893 913
893 914
914 915
914 916
914 917
914 918
914 919
914 920
915 921
890 889
885 922
922 923
924 925
924 926
924 927
924 928
924 929
924 930
924 931
929 932
929 933
932 934
927 935
935 936
926 937
926 938
925 939
939 940
939 941
939 942
942 943
942 944
942 945
945 946
946 947
947 948
944 949
944 950
950 951
951 952
952 953
949 954
943 955
941 956
941 957
941 958
957 956
940 959
959 960
959 961
-1 -1
41 260 349 854 949 1184 1369 1517 3073 3880 
-1 -1
349 949 3073 3880 1369 260 1184 41 854 1517 