1291
0 1
0 2
0 3
0 4
0 5
0 6
0 7
0 8
0 9
0 10
10 11
5 12
4 13
4 14
3 15
15 16
17 18
17 19
17 20
17 21
17 22
17 23
17 24
17 25
25 26
27 28
27 29
27 30
27 31
27 32
27 33
27 34
27 35
34 36
36 37
32 38
38 39
38 40
40 41
40 42
42 43
43 44
43 45
45 46
45 47
45 48
48 49
48 50
48 51
50 52
50 53
50 54
53 55
55 56
52 57
52 58
52 59
52 60
59 61
49 62
49 63
49 64
49 65
49 66
49 67
67 68
67 69
69 68
68 70
68 71
65 72
65 73
73 74
73 75
75 76
64 77
62 78
62 79
79 80
47 81
47 82
81 46
81 83
81 84
81 85
84 86
84 87
87 88
87 89
87 90
89 91
91 92
92 93
93 94
93 95
86 96
96 97
96 98
96 99
96 100
100 101
100 102
100 103
103 104
99 97
97 105
105 106
105 107
107 108
107 109
107 110
107 111
107 112
112 113
110 114
46 115
46 116
116 117
116 118
116 119
117 120
120 121
121 122
121 123
122 124
122 125
124 126
124 127
41 128
128 129
39 130
39 131
131 132
131 133
134 135
134 136
134 137
134 138
134 139
134 140
134 141
139 142
139 143
143 144
144 145
144 146
138 147
147 148
148 149
148 150
149 151
136 152
135 153
154 155
154 156
154 157
154 158
154 159
154 160
154 161
154 162
154 163
154 164
154 165
154 166
154 167
165 168
168 169
168 170
170 171
170 172
170 173
173 174
169 175
169 176
169 177
177 178
164 179
179 180
180 181
181 182
182 183
182 184
162 185
185 186
186 187
160 188
160 189
160 190
160 191
159 192
159 193
159 194
193 195
193 196
193 197
195 192
158 198
158 199
199 200
200 201
202 203
202 204
202 205
202 206
202 207
202 208
202 209
202 210
202 211
202 212
202 213
202 214
202 215
202 216
202 217
202 218
202 219
202 220
202 221
202 222
202 223
202 224
223 225
223 226
223 227
223 228
223 229
220 230
230 231
230 232
232 233
233 234
233 235
233 236
236 237
237 234
231 238
238 239
239 240
214 241
214 242
214 243
214 244
244 245
244 246
244 247
244 248
248 249
249 247
247 250
245 251
213 252
213 253
212 254
211 255
211 256
211 257
211 258
211 259
211 260
211 261
211 262
211 263
211 264
211 265
265 266
263 267
267 268
268 269
268 270
268 271
268 272
268 273
273 274
269 275
269 276
276 277
262 278
262 279
262 280
279 278
261 281
261 282
259 283
257 284
257 285
285 284
255 286
255 287
255 288
255 289
255 290
290 291
289 292
289 293
293 294
287 295
210 296
209 297
209 298
209 299
209 300
209 301
209 302
209 303
299 304
299 305
299 306
299 307
299 308
306 305
305 309
309 310
304 311
304 312
312 313
298 314
298 315
298 316
316 314
297 317
208 318
207 319
319 320
319 321
319 322
322 323
321 324
324 325
206 326
204 327
204 328
204 329
328 330
330 331
330 332
332 333
333 334
333 335
335 336
335 337
337 336
337 338
331 339
331 340
340 341
341 339
203 342
203 343
342 344
342 345
344 346
347 348
347 349
347 350
347 351
347 352
347 353
347 354
347 355
347 356
347 357
347 358
347 359
347 360
347 361
349 362
348 363
348 364
363 365
366 367
366 368
366 369
366 370
366 371
366 372
366 373
366 374
366 375
366 376
366 377
366 378
366 379
377 380
376 381
381 382
381 383
383 384
375 385
375 386
375 387
385 388
385 389
385 390
385 391
390 392
390 393
393 394
394 395
394 396
371 397
369 398
398 399
368 400
401 402
401 403
401 404
401 405
401 406
401 407
401 408
401 409
401 410
401 411
411 412
407 413
407 414
406 415
415 416
415 417
415 418
415 419
415 420
420 421
420 422
421 423
419 424
419 425
419 426
419 427
419 428
419 429
419 430
419 431
419 432
419 433
433 434
431 435
427 436
427 437
437 436
436 438
438 439
438 440
440 441
424 442
442 443
418 444
418 445
416 446
416 447
416 448
447 449
449 450
450 451
451 452
451 453
451 454
405 455
405 456
404 457
404 458
404 459
457 460
457 461
457 462
462 463
462 464
462 465
465 466
466 463
466 467
461 468
461 469
461 470
470 471
470 469
470 472
472 473
472 474
472 475
472 476
472 477
472 478
472 479
477 480
477 481
481 482
481 483
483 484
484 485
485 480
482 486
482 487
487 488
486 489
489 490
476 491
491 471
474 492
469 493
469 494
402 495
402 496
402 497
497 498
498 499
496 500
496 501
502 503
502 504
502 505
502 506
502 507
502 508
502 509
502 510
502 511
502 512
502 513
502 514
502 515
502 516
502 517
502 518
502 519
502 520
502 521
502 522
502 523
522 512
519 511
518 524
512 525
525 526
525 527
525 528
525 529
526 530
526 531
526 532
532 533
532 534
534 535
534 536
534 537
535 538
538 539
533 540
540 541
540 542
542 543
542 544
542 545
545 546
545 547
545 548
548 549
548 550
550 551
550 552
550 553
551 554
544 555
544 556
544 557
544 558
544 559
544 560
544 561
558 562
558 563
557 564
564 543
543 565
555 566
507 567
507 568
568 569
568 567
569 570
506 571
506 572
503 573
503 574
503 575
503 576
576 577
576 578
576 579
576 580
580 581
580 582
581 583
581 584
581 585
581 586
581 587
581 588
581 589
581 590
581 591
581 592
592 593
592 594
593 595
595 596
589 597
597 598
598 599
588 600
587 601
587 602
587 603
603 604
586 605
585 606
606 607
606 608
606 609
609 610
610 611
610 612
610 613
613 614
612 615
612 616
612 617
612 618
617 619
615 620
620 621
620 622
620 623
623 624
583 625
583 626
626 627
626 628
625 629
625 630
625 631
625 632
625 633
625 634
631 635
631 636
635 637
635 638
637 639
630 640
640 641
629 642
629 643
629 644
629 645
629 646
646 647
646 648
643 649
643 650
643 651
643 652
643 653
643 654
643 655
643 656
654 649
654 650
654 657
652 658
658 659
658 660
658 661
658 662
662 663
662 664
660 665
665 666
665 667
651 668
668 669
668 670
670 671
642 672
579 578
673 674
673 675
673 676
673 677
673 678
673 679
673 680
673 681
673 682
673 683
673 684
673 685
673 686
673 687
673 688
673 689
688 690
688 691
690 692
690 693
690 694
694 695
695 675
675 696
696 697
697 698
697 699
697 700
686 701
686 702
702 703
702 704
684 705
705 706
705 707
707 708
707 709
707 710
707 711
707 712
707 678
707 713
707 714
707 715
707 716
716 717
717 718
717 719
719 720
718 721
715 722
714 708
712 723
723 724
723 725
725 726
724 727
724 728
711 729
711 730
711 731
730 732
730 733
730 734
733 732
732 735
735 729
729 736
736 737
737 738
682 739
739 740
681 741
679 742
677 743
677 744
677 745
677 746
746 747
744 748
748 749
743 750
743 751
743 752
743 753
743 754
743 755
743 756
743 757
743 758
758 759
756 760
753 761
761 762
761 763
761 764
761 765
761 766
761 767
761 768
761 769
761 770
767 771
767 772
772 773
771 774
774 775
774 776
774 777
763 778
778 779
750 780
750 781
750 782
750 783
782 780
781 784
675 785
785 786
785 787
787 788
786 789
786 790
786 791
786 792
786 793
786 794
794 795
795 796
789 797
789 798
797 799
800 801
800 802
800 803
800 804
800 805
800 806
800 807
800 808
800 809
800 810
810 811
810 812
810 813
810 814
810 815
815 816
815 817
816 818
816 819
819 820
811 821
811 822
811 823
811 824
808 804
804 825
805 826
826 827
826 828
827 829
801 830
830 831
832 833
832 834
832 835
832 836
832 837
832 838
832 839
832 840
832 841
832 842
842 843
840 844
840 845
836 846
835 847
848 849
848 850
848 851
848 852
848 853
848 854
848 855
848 856
848 857
848 858
848 859
848 860
848 861
848 862
860 863
859 864
858 865
858 866
858 867
867 866
866 868
868 869
868 870
868 871
868 872
868 873
868 874
868 875
868 876
876 877
875 878
878 879
878 880
874 881
874 882
882 883
882 884
882 885
882 886
882 887
882 888
888 883
884 889
889 890
889 891
889 892
892 893
893 894
893 895
893 896
881 897
869 865
865 898
898 899
865 900
865 901
901 902
901 903
903 904
902 905
905 906
905 907
905 908
905 909
905 910
905 911
910 907
909 912
909 913
909 914
909 915
912 916
912 917
917 916
917 918
918 919
918 920
920 919
920 921
920 922
906 923
855 924
855 925
855 926
854 927
854 928
854 929
928 930
928 931
930 932
930 933
930 934
933 935
935 936
932 937
932 938
932 939
939 940
940 941
938 942
937 943
937 944
943 945
945 946
945 947
945 948
945 949
949 950
950 951
950 952
852 953
953 954
953 955
955 956
955 957
956 958
958 959
959 960
959 961
959 962
961 963
961 964
964 965
964 966
851 967
850 968
849 969
970 971
970 972
970 973
970 974
970 975
970 976
970 977
970 978
978 979
978 980
978 981
981 982
981 983
981 984
979 985
985 986
986 987
986 988
988 989
988 990
990 991
990 992
990 993
974 994
974 995
995 996
995 997
997 998
998 999
994 971
994 1000
1000 1001
1000 1002
1003 1004
1003 1005
1003 1006
1003 1007
1003 1008
1003 1009
1003 1010
1003 1011
1011 1012
1011 1013
1011 1014
1011 1015
1011 1016
1011 1017
1011 1018
1016 1019
1016 1020
1020 1021
1019 1022
1015 1014
1013 1023
1013 1024
1013 1025
1023 1026
1026 1027
1026 1028
1026 1029
1026 1030
1026 1031
1030 1032
1030 1033
1033 1034
1034 1035
1034 1036
1034 1037
1034 1038
1038 1039
1039 1040
1027 1041
1041 1042
1041 1043
1012 1044
1012 1045
1045 1046
1046 1044
1009 1047
1047 1048
1008 1049
1007 1050
1004 1051
1051 1052
1053 1054
1053 1055
1053 1056
1053 1057
1053 1058
1053 1059
1053 1060
1053 1061
1053 1062
1053 1063
1053 1064
1053 1065
1053 1066
1053 1067
1067 1068
1068 1069
1069 1070
1065 1055
1062 1071
1072 1073
1072 1074
1072 1075
1072 1076
1072 1077
1072 1078
1072 1079
1072 1080
1072 1081
1072 1082
1072 1083
1072 1084
1072 1085
1072 1086
1072 1087
1087 1088
1087 1089
1089 1090
1089 1091
1089 1092
1089 1093
1089 1094
1086 1095
1085 1096
1085 1097
1085 1098
1085 1099
1097 1100
1077 1101
1075 1102
1102 1103
1102 1104
1103 1105
1074 1106
1106 1107
1106 1108
1106 1109
1106 1110
1106 1111
1106 1112
1106 1113
1106 1114
1106 1115
1114 1116
1114 1117
1114 1118
1114 1119
1114 1120
1120 1117
1120 1121
1120 1122
1122 1123
1122 1121
1123 1124
1117 1125
1125 1126
1119 1127
1118 1128
1110 1129
1110 1130
1130 1131
1131 1132
1109 1133
1109 1134
1134 1135
1134 1136
1134 1137
1134 1138
1134 1139
1139 1140
1139 1141
1138 1142
1137 1143
1137 1144
1135 1145
1133 1146
1133 1147
1146 1148
1148 1149
1148 1150
1149 1151
1149 1152
1152 1153
1153 1154
1154 1155
1107 1156
1107 1157
1157 1158
1157 1159
1158 1160
1158 1161
1158 1162
1162 1163
1162 1164
1162 1165
1165 1166
1164 1167
1167 1168
1167 1169
1167 1170
1170 1171
1170 1172
1163 1173
1156 1174
1175 1176
1175 1177
1175 1178
1175 1179
1175 1180
1175 1181
1175 1182
1175 1183
1175 1184
1175 1185
1175 1186
1175 1187
1186 1188
1185 1189
1185 1190
1185 1191
1185 1192
1185 1193
1185 1194
1194 1192
1193 1195
1193 1196
1196 1197
1196 1195
1196 1198
1191 1199
1191 1200
1189 1201
1184 1202
1202 1203
1202 1204
1202 1205
1205 1206
1205 1207
1205 1208
1205 1209
1205 1210
1210 1211
1210 1212
1210 1213
1213 1214
1212 1215
1211 1216
1209 1217
1217 1218
1217 1219
1217 1220
1218 1221
1207 1222
1207 1223
1223 1224
1224 1225
1206 1226
1204 1227
1204 1228
1228 1229
1227 1230
1183 1231
1231 1232
1231 1233
1233 1234
1233 1235
1233 1236
1236 1237
1236 1238
1238 1239
1239 1240
1240 1235
1240 1241
1232 1242
1232 1243
1243 1242
1182 1244
1182 1245
1245 1246
1245 1247
1245 1248
1248 1249
1248 1250
1249 1251
1249 1252
1249 1253
1253 1254
1253 1255
1247 1256
1246 1257
1257 1258
1257 1259
1257 1260
1257 1261
1259 1262
1259 1263
1259 1264
1259 1265
1262 1266
1262 1267
1262 1268
1262 1269
1269 1270
1270 1271
1268 1272
1267 1273
1267 1274
1274 1275
1273 1276
1276 1277
1276 1278
1276 1279
1278 1280
1278 1281
1281 1280
1280 1282
1282 1283
1282 1284
1180 1176
1179 1285
1285 1286
1178 1287
1178 1288
1178 1289
1178 1290
-1 -1
41 57 99 255 260 349 439 527 829 854 949 1057 1184 1265 1369 1517 2092 2172 3073 3880 