312
0 1
0 2
0 3
0 4
0 5
0 6
0 7
0 8
0 9
0 10
0 11
0 12
0 13
0 14
0 15
0 16
0 17
0 18
18 19
18 20
18 21
18 22
18 23
17 24
17 25
15 26
15 27
27 28
27 29
27 30
27 31
27 32
27 33
27 34
27 35
27 36
27 37
27 38
38 39
38 40
37 41
33 42
29 43
29 44
29 45
29 46
28 47
28 48
48 49
48 50
48 51
50 52
50 53
53 54
53 55
53 56
49 57
14 58
14 59
14 60
14 61
61 58
61 62
59 63
13 64
13 11
64 65
12 66
12 67
12 68
10 69
69 70
69 71
69 72
9 73
73 74
8 75
8 76
8 77
8 78
8 79
8 80
78 76
77 81
77 82
77 83
77 84
84 85
75 86
86 87
86 88
87 89
7 90
90 91
90 92
6 93
5 94
94 95
96 97
96 98
96 99
96 100
96 101
96 102
96 103
96 104
96 105
96 106
96 107
96 108
96 109
96 110
106 111
101 112
101 113
113 114
114 115
114 116
114 117
114 118
114 119
100 120
97 121
121 122
123 124
123 125
123 126
123 127
123 128
123 129
123 130
123 131
123 132
123 133
123 134
123 135
123 136
123 137
133 138
132 139
131 140
140 141
140 142
142 143
143 144
128 145
128 146
128 147
147 148
147 149
147 150
146 151
146 152
146 153
146 154
146 155
152 156
145 157
145 158
157 159
157 160
160 161
161 162
161 163
124 164
165 166
165 167
165 168
165 169
165 170
165 171
165 172
165 173
165 174
165 175
165 176
165 177
165 178
165 179
165 180
165 181
179 182
182 183
183 184
176 185
176 186
186 187
186 188
173 189
173 190
173 191
173 192
173 193
192 194
191 195
191 196
191 197
191 198
190 199
190 200
190 201
190 202
190 203
203 204
203 205
203 206
202 207
202 208
202 209
200 210
200 211
200 212
200 213
211 214
211 215
211 216
211 217
216 218
214 219
219 220
220 221
210 222
210 223
210 224
210 225
225 226
222 227
199 228
199 229
228 230
228 231
170 232
170 233
170 234
234 235
168 236
168 237
237 238
236 239
236 240
167 241
167 242
241 243
241 244
241 245
244 246
246 247
248 249
248 250
248 251
248 252
248 253
248 254
248 255
248 256
248 257
248 258
248 259
248 260
248 261
248 262
248 263
248 264
264 265
264 266
262 267
262 268
262 269
261 270
270 271
271 272
260 273
260 274
273 275
259 276
276 277
258 278
254 279
252 280
280 281
281 282
281 283
281 284
281 285
281 286
281 287
286 288
286 289
286 290
286 291
286 292
289 293
293 294
288 295
285 296
283 297
297 298
282 299
282 300
282 301
300 302
299 303
303 304
303 305
304 306
306 307
306 308
306 309
307 310
310 311
-1 -1
349 949 1369 3073 3880 
-1 -1
349 949 3073 1369 3880 