222
0 1
0 2
0 3
0 4
0 5
0 6
0 7
0 8
0 9
5 10
5 11
4 12
13 14
13 15
13 16
13 17
13 18
13 19
13 20
13 21
13 22
22 23
21 24
16 25
16 26
16 27
27 28
28 29
28 30
30 31
25 32
25 33
25 34
25 35
35 32
35 36
35 37
35 38
35 39
38 33
36 40
40 41
32 42
42 43
42 44
34 45
45 46
46 47
32 48
48 49
14 50
50 51
50 52
52 53
54 55
54 56
54 57
54 58
57 59
57 60
57 61
57 62
57 63
60 64
65 66
65 67
65 68
65 69
65 70
65 71
65 72
65 73
69 74
67 75
67 76
77 78
77 79
77 80
77 81
77 82
77 83
83 81
80 84
84 85
84 86
78 87
78 88
78 89
90 91
90 92
90 93
90 94
90 95
90 96
90 97
90 98
90 99
90 100
90 101
90 102
90 103
90 104
90 105
90 106
105 107
105 108
100 109
100 110
109 111
109 112
94 113
94 114
94 115
116 117
116 118
116 119
116 120
120 121
120 122
120 123
120 124
124 125
125 126
119 127
127 117
127 128
128 129
129 130
129 131
131 132
132 133
133 134
117 135
136 137
136 138
136 139
136 140
136 141
136 142
136 143
136 144
136 145
144 146
144 147
144 148
144 149
143 150
143 151
151 152
151 153
151 154
152 155
141 156
141 157
157 158
157 159
157 160
159 161
156 162
156 163
164 165
164 166
164 167
164 168
164 169
164 170
164 171
164 172
164 173
164 174
173 175
175 176
171 177
177 178
177 179
178 180
178 181
178 182
182 183
182 184
184 185
184 186
186 187
186 188
169 189
169 190
169 191
169 192
169 193
169 194
169 195
194 196
194 197
194 198
165 199
199 200
200 201
202 203
202 204
202 205
202 206
202 207
202 208
202 209
202 210
202 211
202 212
202 213
213 214
214 215
212 216
210 217
217 218
217 219
219 220
218 221
-1 -1
60 68 101 159 264 433 479 480 871 1753 
-1 -1
479 871 433 68 60 480 264 1753 159 101 