5241 28968
60 377
60 55
60 381
60 382
60 389
60 390
60 391
60 392
392 2460
392 1156
1156 1878
1156 1884
1156 1160
1160 1145
1160 1884
1884 1148
1145 1155
1145 1161
1145 1162
1884 1874
1884 1886
1874 1878
1878 1850
55 59
55 1865
1865 3407
59 56
59 1503
56 1868
56 577
56 1869
577 1866
577 1868
577 2332
577 861
577 2330
2330 2333
2330 2329
861 1739
861 1740
861 1741
861 1742
861 1743
2332 2331
377 1545
377 2456
1545 3379
1545 3380
1545 3382
68 1872
68 15
68 1873
68 1875
68 1880
68 1882
68 1883
68 1851
68 1888
68 1890
68 1893
68 1131
1131 1301
1131 2450
1131 2451
1301 1302
1890 1880
1890 3121
1890 2588
1888 1215
1883 1872
1873 2962
1873 2963
1873 85
1873 3109
85 16
85 2965
2965 4177
16 86
16 87
87 1991
86 2240
86 2241
86 2243
86 845
86 2244
845 809
2240 2242
2242 2645
2242 2646
2646 2645
15 54
15 64
15 65
15 67
15 52
15 74
15 75
15 76
15 81
15 82
75 1524
52 1518
52 14
52 1554
1554 2912
67 83
64 1871
54 1858
159 161
159 163
159 167
159 169
159 172
159 174
159 177
159 178
159 184
172 258
258 4063
258 4065
4065 4063
4065 4064
163 198
163 183
183 330
183 204
204 2122
204 2123
330 1946
264 913
264 914
264 919
264 925
264 926
264 930
264 932
264 875
264 272
264 936
936 1041
272 1023
1023 58
58 1567
875 1020
875 1021
875 870
875 79
875 1022
79 1025
79 1026
926 981
925 979
979 3269
979 1274
1274 2488
2488 2225
2225 2484
2225 2485
2225 2486
914 917
366 639
366 482
366 669
366 670
670 667
482 437
482 640
482 642
437 1210
433 675
433 676
433 402
433 677
433 680
433 684
433 685
433 686
433 688
433 689
433 691
433 692
433 72
433 696
433 698
686 758
758 759
759 760
684 680
402 703
402 404
458 1231
458 560
458 1170
458 1232
1232 1235
1232 605
605 1627
605 848
560 471
471 1172
471 486
471 649
486 436
1172 4066
480 1245
480 1250
480 1253
480 1254
480 1263
1250 1251
871 1733
871 2623
871 2624
871 2607
871 2629
871 2630
871 873
871 1243
871 2633
871 2126
871 2635
871 2236
871 2636
2236 2630
1243 3273
1243 3274
873 869
873 236
236 234
234 1566
2630 2625
2607 3074
2607 3076
3074 3078
3078 3552
3078 3870
3552 2061
3552 4219
3552 4220
3552 4221
4219 4222
4222 4223
2061 2062
2623 2628
1733 2941
1753 3089
1753 2526
1753 1175
1753 3257
1753 999
1753 2474
1753 1759
1753 373
999 1007
1007 3408
1007 3513
1175 1174
1175 1760
1760 4240
1760 4241
1174 1176
1174 105
105 1762
105 1763
105 1764
105 1765
2526 1471
