1577
0 1
0 2
0 3
0 4
0 5
5 6
5 7
5 8
5 9
5 10
5 11
5 12
5 13
12 14
12 15
12 16
12 17
15 18
15 19
19 20
18 21
11 22
22 23
22 24
22 25
22 26
23 27
8 28
8 29
8 30
29 31
29 32
7 33
7 34
7 35
7 36
7 37
7 38
7 39
7 40
38 41
38 42
38 43
38 44
38 45
38 46
44 47
44 48
47 49
42 50
35 33
4 51
4 52
4 53
4 54
54 55
54 56
54 57
54 58
53 59
53 60
53 61
53 62
53 63
53 64
53 65
53 66
53 67
53 68
53 69
53 70
53 71
53 72
71 73
71 74
70 75
70 76
70 77
70 78
70 79
79 80
80 81
80 82
81 83
81 84
81 85
78 86
86 87
77 88
77 89
77 90
76 91
91 92
91 93
68 60
68 94
68 95
68 96
94 97
97 98
98 99
60 100
66 101
101 102
101 103
102 104
65 105
65 106
65 107
65 108
65 109
109 110
108 111
111 112
62 113
61 114
59 115
115 116
115 117
115 118
116 119
51 120
51 121
121 122
121 123
3 124
3 125
3 126
125 127
125 128
125 129
125 130
125 131
125 132
129 133
129 134
129 135
127 136
127 137
136 138
138 139
138 140
140 141
124 142
143 144
143 145
143 146
143 147
143 148
143 149
143 150
143 151
143 152
152 153
152 154
152 155
152 156
152 157
152 158
155 159
155 160
155 161
160 162
154 163
153 164
150 165
150 166
150 167
167 168
167 169
167 170
167 171
170 168
166 172
166 173
166 174
166 175
165 176
149 177
149 178
149 179
149 180
149 181
149 182
149 183
149 184
149 185
184 186
183 187
183 188
183 189
189 190
189 191
189 192
190 193
187 194
187 195
195 196
194 197
194 198
182 199
182 200
199 201
199 202
199 203
199 204
203 205
205 206
206 207
181 208
181 209
181 210
181 211
211 212
211 213
211 214
211 215
211 216
211 217
217 218
217 219
217 220
217 221
217 222
217 223
217 224
217 225
217 226
217 227
217 228
217 229
217 230
230 221
230 231
231 232
231 233
231 234
233 235
233 236
235 237
232 238
232 239
238 240
229 241
229 242
229 243
227 244
225 218
225 245
225 246
225 247
225 248
246 249
245 250
245 251
245 252
221 253
219 254
218 255
218 256
216 257
216 258
257 259
213 260
213 261
213 262
213 263
213 264
213 265
263 266
260 267
212 268
210 269
208 270
208 271
271 272
180 273
180 274
180 275
180 276
180 277
180 278
276 279
276 280
275 281
275 282
275 283
275 284
275 285
275 286
275 287
281 288
179 289
179 290
179 291
179 292
179 293
179 294
294 295
295 296
291 297
291 298
289 299
178 300
178 301
178 302
178 303
178 304
178 305
178 306
178 307
178 308
178 309
178 310
310 301
310 311
310 312
310 306
310 313
310 314
310 315
310 316
310 317
315 318
313 319
311 320
311 321
321 322
309 323
309 324
309 325
325 326
326 327
326 328
327 329
327 330
327 331
331 332
331 333
323 334
323 335
307 336
336 337
305 338
338 339
302 340
302 341
302 342
341 343
341 344
341 345
341 346
341 347
345 348
345 349
345 350
345 351
351 352
351 353
353 354
353 355
353 356
353 357
343 358
340 359
340 360
340 361
360 362
360 363
300 364
300 365
364 366
366 367
177 368
177 369
177 370
370 371
370 372
370 373
370 374
374 375
374 376
374 377
374 378
374 379
379 380
380 381
381 382
381 383
381 384
382 385
382 386
378 387
377 388
388 389
388 390
376 391
391 392
375 393
373 394
394 395
395 396
372 397
369 398
368 399
399 400
400 401
148 402
148 403
148 404
148 405
148 406
148 407
407 408
407 409
409 410
409 411
409 412
412 413
410 414
406 415
406 416
406 417
406 418
406 419
406 420
406 421
421 422
421 423
422 424
422 425
422 426
422 427
422 428
422 429
420 430
420 431
420 432
420 433
432 434
419 415
419 435
419 436
419 437
419 438
419 439
419 440
437 441
435 442
435 443
435 444
443 445
415 418
415 446
415 447
415 448
415 449
415 450
415 451
450 452
450 453
446 454
446 455
446 456
415 457
404 458
404 459
403 460
403 461
403 462
403 463
403 464
403 465
465 466
465 467
465 468
465 469
466 470
466 471
466 472
466 473
466 474
466 475
466 476
476 477
476 478
478 479
478 480
478 481
478 482
478 483
481 484
481 485
481 486
486 487
486 488
487 489
487 490
487 491
485 492
485 493
485 494
492 495
495 496
496 497
496 498
496 499
496 500
500 501
500 502
500 503
484 504
484 505
505 506
480 507
479 508
477 509
477 510
510 511
474 512
474 513
513 514
514 515
472 516
472 517
471 518
518 519
464 520
520 521
520 522
520 523
523 524
523 525
522 526
526 527
463 528
460 529
460 530
460 531
460 532
460 533
460 534
460 535
460 536
460 537
460 538
460 539
460 540
460 541
460 542
460 543
536 544
536 545
544 546
535 547
535 548
547 549
531 550
531 551
550 552
552 553
529 554
529 555
529 556
529 557
529 558
529 559
559 560
559 561
559 562
557 563
557 564
555 565
554 566
554 567
554 568
554 569
554 570
570 571
147 572
147 573
147 574
147 575
147 576
576 577
576 578
578 579
578 580
578 581
581 582
582 583
582 584
579 585
577 586
577 587
577 588
588 589
588 590
588 591
591 592
589 593
575 594
575 595
595 596
595 597
595 598
596 599
596 600
596 601
596 602
596 603
596 604
604 605
604 606
604 607
604 608
604 609
603 610
603 611
603 612
603 613
603 614
611 615
611 616
616 617
617 618
617 619
615 620
610 621
610 622
622 623
622 624
600 625
574 626
574 627
574 628
574 629
574 630
574 631
631 632
631 633
631 634
631 635
631 636
631 637
631 638
638 639
635 640
640 641
640 642
642 643
633 644
632 645
632 646
646 647
645 648
645 649
626 650
650 651
650 652
573 653
573 654
654 655
653 656
146 657
146 658
146 659
146 660
146 661
146 662
146 663
146 664
146 665
146 666
146 667
146 668
146 669
146 670
146 671
146 672
146 673
146 674
146 675
146 676
146 677
146 678
676 679
679 680
679 681
679 682
679 683
680 684
675 685
675 686
686 687
686 688
688 689
688 690
688 691
690 692
685 693
685 694
685 695
685 696
695 697
695 698
695 699
695 700
695 701
695 702
695 703
701 704
701 705
701 706
706 707
705 708
705 709
704 710
699 711
699 712
699 713
712 714
697 715
672 716
672 717
672 718
672 719
672 720
672 721
720 722
722 723
722 724
718 725
718 726
716 727
727 728
727 729
727 730
727 731
731 732
730 733
730 734
671 735
670 736
670 737
670 738
670 739
670 740
670 741
670 742
670 743
670 744
670 745
670 746
670 747
670 748
670 749
670 750
670 751
670 752
670 753
670 754
670 755
670 756
756 757
755 758
755 759
755 760
755 761
755 762
762 763
762 764
762 765
762 766
765 767
765 768
761 769
758 770
758 771
758 772
758 773
758 774
758 775
774 776
772 777
770 778
770 779
779 780
779 781
779 782
779 783
779 784
779 785
752 744
744 786
744 787
787 788
787 789
787 790
748 791
748 792
748 793
748 794
748 795
795 796
795 797
795 798
798 799
798 800
798 801
800 802
802 803
802 804
802 805
802 806
804 807
796 808
796 809
796 810
796 811
794 812
812 813
746 814
814 815
815 816
816 817
743 818
743 819
819 820
820 821
818 822
818 823
818 824
818 825
825 826
824 827
823 828
822 829
822 830
739 831
831 832
738 833
736 834
736 835
736 836
669 837
669 838
669 839
839 840
839 841
839 842
839 843
842 844
842 845
842 846
842 847
846 848
846 849
846 850
849 851
849 852
852 853
851 854
841 855
841 856
841 857
841 858
841 859
856 860
855 861
861 862
862 863
862 864
840 865
838 866
666 867
665 868
664 869
664 870
664 871
664 872
664 873
873 874
872 875
872 876
875 877
663 878
878 879
878 880
878 881
881 882
881 883
882 884
882 885
882 886
886 887
886 884
887 888
662 889
662 890
662 891
662 892
892 893
891 894
894 895
894 896
894 897
661 898
661 899
899 900
900 901
898 902
898 903
898 904
898 905
898 906
902 907
902 908
902 909
902 910
902 911
902 912
902 913
912 914
914 915
914 916
914 917
916 918
916 919
919 920
911 921
910 922
910 923
910 924
923 925
923 926
923 927
926 928
926 929
929 930
925 931
909 932
907 933
933 934
660 935
660 936
660 937
936 938
938 939
938 940
935 941
941 942
659 943
943 944
658 945
658 946
658 947
658 948
658 949
658 950
658 951
951 952
951 953
657 954
145 955
955 956
955 957
955 958
957 959
956 960
144 961
144 962
144 963
144 964
144 965
963 966
963 967
967 968
966 969
969 970
971 972
971 973
971 974
971 975
971 976
971 977
971 978
971 979
971 980
971 981
971 982
971 983
983 984
984 985
981 974
981 986
981 987
986 988
986 989
986 990
986 991
986 992
986 993
986 994
986 995
986 996
991 997
974 998
980 999
999 1000
999 1001
999 1002
999 1003
999 1004
999 1005
1005 1006
1005 1007
1005 1008
1005 1009
1005 1010
1005 1011
1008 1012
1004 1013
1001 1014
1001 1015
1001 1016
1001 1017
1001 1018
1001 1019
1001 1020
1020 1021
1019 1022
1019 1023
1019 1024
1019 1018
1019 1025
1025 1026
1023 1027
1022 1028
1015 1029
1015 1030
1030 1031
979 1032
979 1033
979 1034
979 1035
979 1036
979 1037
1037 1038
1037 1039
1037 1040
1037 1041
1037 1042
1037 1043
1038 1044
1038 1045
1038 1046
1038 1047
1047 1048
1045 1049
1049 1050
1036 1051
1036 1052
1036 1053
1053 1054
1053 1055
1053 1056
1053 1057
1057 1058
1054 1059
1035 1060
1035 1061
1035 1062
1060 1063
1060 1064
1034 1065
1034 1066
1034 1067
1034 1068
1034 1069
1069 1070
1070 1071
1071 1072
1065 1073
1033 1074
1033 1075
1033 1076
1033 1077
1033 1078
1033 1079
1079 1080
1079 1081
1079 1082
1082 1083
1082 1084
1082 1085
1083 1086
1074 1087
1032 1088
1032 1089
1032 1090
1032 1091
1091 1092
1091 1093
1089 1094
1089 1095
1089 1096
1089 1097
1096 1098
1096 1099
1096 1100
1100 1101
1101 1102
1101 1103
1103 1104
1098 1105
1094 1106
1094 1107
1094 1108
1094 1109
1094 1110
1094 1111
1094 1112
1112 1113
1110 1114
1109 1115
1109 1116
1107 1117
977 1118
977 1119
977 1120
977 1121
1120 1122
1118 1123
1118 1124
1123 1125
1125 1126
1125 1127
1125 1128
976 1129
976 1130
976 1131
976 1132
976 1133
976 1134
976 1135
976 1136
976 1137
976 1138
976 1139
976 1140
976 1141
976 1142
976 1143
976 1144
976 1145
1145 1146
1145 1147
1145 1148
1145 1149
1145 1150
1150 1151
1144 1152
1152 1153
1152 1154
1152 1155
1155 1156
1154 1157
1153 1158
1142 1159
1142 1160
1142 1161
1142 1162
1142 1163
1162 1164
1161 1165
1160 1166
1160 1167
1160 1168
1160 1169
1160 1170
1167 1166
1167 1171
1159 1172
1172 1173
1172 1174
1172 1175
1172 1176
1172 1177
1172 1178
1176 1179
1176 1180
1175 1181
1175 1182
1174 1183
1173 1184
1173 1185
1173 1186
1185 1187
1187 1188
1184 1189
1184 1190
1184 1191
1184 1192
1184 1193
1184 1194
1184 1195
1184 1196
1196 1197
1194 1198
1194 1199
1194 1200
1199 1201
1198 1202
1193 1203
1203 1204
1192 1205
1192 1206
1191 1207
1141 1208
1141 1209
1141 1210
1141 1211
1141 1212
1141 1213
1141 1214
1141 1215
1141 1216
1141 1217
1217 1218
1218 1219
1218 1220
1220 1221
1216 1222
1216 1223
1215 1224
1215 1225
1225 1226
1224 1227
1212 1228
1212 1229
1229 1230
1210 1231
1231 1232
1231 1233
1231 1234
1231 1235
1231 1236
1231 1237
1237 1238
1234 1239
1234 1240
1234 1241
1234 1242
1234 1243
1234 1244
1234 1245
1244 1246
1243 1247
1243 1248
1243 1249
1248 1250
1248 1251
1240 1252
1240 1253
1240 1254
1232 1255
1232 1256
1255 1257
1138 1258
1258 1259
1258 1260
1258 1261
1261 1262
1261 1263
1137 1264
1264 1265
1265 1266
1265 1267
1267 1268
1136 1269
1136 1270
1136 1271
1270 1272
1270 1273
1269 1274
1135 1275
1135 1276
1275 1277
1275 1278
1275 1279
1275 1280
1279 1281
1279 1282
1282 1283
1278 1284
1278 1285
1278 1286
1284 1287
1284 1288
1287 1289
1289 1290
1289 1291
1289 1292
1291 1293
1290 1294
1290 1295
1290 1296
1290 1297
1290 1298
1297 1299
1297 1300
1297 1301
1297 1302
1297 1303
1300 1304
1304 1305
1299 1306
1299 1307
1307 1308
1306 1309
1295 1310
1294 1311
1294 1312
1294 1313
1294 1314
1312 1315
1311 1316
1134 1317
1317 1318
1132 1319
1132 1320
1132 1321
1132 1322
1132 1323
1323 1324
1324 1325
1322 1326
1326 1327
1326 1328
1320 1329
1320 1330
1329 1331
1329 1332
1329 1333
1131 1334
1131 1335
1131 1336
1131 1337
1131 1338
1131 1339
1335 1340
1335 1341
1335 1342
1335 1343
1335 1344
1335 1345
1342 1346
1334 1347
1334 1348
1348 1349
1348 1350
1349 1351
1130 1352
1352 1353
1352 1354
1352 1355
1352 1356
1352 1357
1356 1358
1356 1359
1356 1360
1356 1361
1356 1362
1356 1363
1356 1364
1356 1365
1356 1366
1356 1367
1360 1368
1358 1369
1369 1370
1355 1371
1371 1372
1371 1373
1371 1374
1374 1373
1374 1375
1373 1376
1373 1377
1372 1378
1372 1379
1372 1380
975 1381
1382 1383
1382 1384
1382 1385
1382 1386
1382 1387
1382 1388
1382 1389
1382 1390
1382 1391
1382 1392
1382 1393
1382 1394
1382 1395
1382 1396
1382 1397
1382 1398
1398 1399
1398 1400
1398 1401
1398 1402
1397 1403
1403 1404
1396 1405
1396 1406
1396 1407
1396 1408
1395 1409
1395 1410
1410 1411
1411 1412
1412 1413
1412 1414
1412 1415
1413 1416
1391 1417
1391 1418
1391 1419
1391 1420
1391 1421
1391 1422
1421 1423
1417 1424
1417 1425
1390 1426
1389 1427
1389 1428
1389 1429
1429 1428
1429 1430
1429 1431
1429 1432
1429 1433
1429 1434
1434 1435
1434 1436
1435 1437
1433 1438
1433 1439
1433 1440
1433 1441
1438 1442
1438 1443
1438 1444
1432 1445
1430 1446
1430 1447
1430 1448
1448 1449
1448 1450
1449 1451
1451 1452
1447 1453
1447 1454
1454 1455
1455 1456
1446 1457
1457 1458
1457 1459
1457 1460
1457 1461
1457 1462
1458 1463
1458 1464
1385 1465
1385 1466
1385 1467
1385 1468
1466 1469
1466 1470
1466 1471
1470 1472
1384 1473
1384 1474
1474 1475
1474 1476
1474 1477
1474 1478
1474 1479
1474 1480
1474 1481
1481 1482
1482 1483
1482 1484
1482 1485
1478 1486
1478 1487
1475 1488
1475 1489
1475 1490
1475 1491
1491 1492
1492 1493
1490 1494
1494 1495
1494 1496
1383 1497
1383 1498
1383 1499
1499 1500
1499 1501
1499 1502
1499 1503
1502 1504
1502 1505
1505 1506
1505 1507
1504 1508
1501 1509
1501 1510
1509 1511
1511 1512
1512 1513
1514 1515
1514 1516
1514 1517
1514 1518
1514 1519
1514 1520
1514 1521
1514 1522
1514 1523
1514 1524
1514 1525
1514 1526
1514 1527
1514 1528
1514 1529
1514 1530
1514 1531
1514 1532
1514 1533
1532 1534
1534 1535
1534 1536
1534 1537
1534 1538
1534 1539
1539 1540
1540 1541
1540 1542
1540 1543
1542 1544
1542 1545
1541 1546
1538 1547
1538 1548
1530 1549
1530 1550
1530 1551
1550 1552
1552 1553
1524 1554
1554 1555
1554 1556
1554 1557
1554 1558
1554 1559
1559 1558
1559 1560
1559 1561
1558 1555
1558 1556
1555 1562
1556 1563
1555 1564
1522 1565
1565 1566
1521 1567
1519 1568
1519 1569
1519 1570
1519 1571
1519 1572
1568 1573
1568 1574
1574 1575
1573 1576
-1 -1
0 4 47 92 392 
-1 -1
4 0 47 92 392 