4951
0 1
0 2
0 3
0 4
0 5
0 6
0 7
0 8
0 9
0 10
0 11
0 12
0 13
0 14
0 15
0 16
0 17
0 18
0 19
0 20
0 21
0 22
0 23
0 24
0 25
0 26
0 27
0 28
0 29
0 30
0 31
0 32
0 33
0 34
0 35
0 36
0 37
0 38
0 39
0 40
0 41
0 42
0 43
0 44
0 45
0 46
0 47
0 48
0 49
0 50
0 51
0 52
0 53
0 54
0 55
0 56
0 57
0 58
0 59
0 60
0 61
0 62
0 63
0 64
0 65
0 66
0 67
0 68
0 69
0 70
0 71
0 72
0 73
0 74
0 75
0 76
0 77
0 78
0 79
0 80
0 81
0 82
0 83
0 84
0 85
0 86
0 87
0 88
0 89
0 90
0 91
0 92
0 93
0 94
0 95
0 96
0 97
0 98
0 99
0 100
0 101
0 102
0 103
0 104
0 105
0 106
0 107
0 108
0 109
0 110
0 111
0 112
0 113
0 114
0 115
0 116
0 117
0 118
0 119
0 120
0 121
0 122
0 123
0 124
0 125
0 126
0 127
0 128
0 129
0 130
0 131
0 132
0 133
0 134
0 135
0 136
0 137
0 138
0 139
0 140
0 141
0 142
0 143
0 144
0 145
0 146
0 147
0 148
0 149
0 150
0 151
0 152
0 153
0 154
0 155
0 156
0 157
0 158
0 159
0 160
0 161
0 162
0 163
0 164
0 165
0 166
0 167
0 168
0 169
0 170
0 171
0 172
0 173
0 174
0 175
0 176
0 177
0 178
0 179
0 180
0 181
0 182
0 183
0 184
0 185
0 186
0 187
0 188
0 189
0 190
0 191
0 192
0 193
0 194
0 195
0 196
0 197
0 198
0 199
0 200
0 201
0 202
0 203
0 204
0 205
0 206
0 207
0 208
0 209
0 210
0 211
0 212
0 213
0 214
0 215
0 216
0 217
0 218
0 219
0 220
0 221
0 222
0 223
0 224
0 225
0 226
0 227
0 228
0 229
0 230
0 231
0 232
0 233
0 234
0 235
0 236
0 237
0 238
0 239
232 240
176 241
174 242
173 243
166 244
165 245
245 246
246 245
246 247
163 248
163 249
248 250
248 251
159 252
252 253
252 159
253 254
155 255
255 155
153 256
142 257
141 258
141 259
258 260
258 141
258 261
138 262
138 263
136 264
128 265
128 266
128 267
128 268
265 269
111 270
270 111
103 271
101 272
98 273
97 274
95 275
93 276
93 277
93 278
277 279
277 280
277 281
277 282
276 283
276 284
276 285
276 286
276 287
276 288
276 289
284 290
284 291
283 292
283 293
283 294
283 295
283 296
283 297
283 298
297 299
299 300
292 301
292 302
301 303
301 304
303 305
303 306
303 307
303 308
303 309
308 310
305 311
92 312
90 313
313 314
313 315
313 316
313 112
313 317
315 318
314 319
314 320
314 321
319 314
319 322
319 323
319 324
86 325
85 326
326 85
326 327
326 328
81 329
81 330
81 331
72 332
72 333
72 334
72 335
335 336
332 337
332 338
332 339
338 340
337 341
66 342
65 343
64 344
64 345
64 346
64 347
59 348
348 349
348 350
57 351
55 352
55 353
54 354
54 355
54 356
354 357
354 358
354 359
354 360
354 361
359 362
359 363
357 364
357 365
357 366
357 367
357 368
357 369
53 370
51 371
51 372
371 373
50 374
50 375
50 376
50 377
376 50
376 378
376 379
376 380
375 381
374 382
49 383
383 384
48 385
48 386
47 387
47 388
387 389
387 390
387 391
391 392
392 391
392 393
389 394
46 395
46 396
46 397
46 398
46 399
46 400
46 401
46 402
46 403
46 404
46 405
46 406
46 407
46 408
46 409
409 410
399 400
399 411
45 412
45 413
45 414
45 415
415 416
39 417
39 418
418 419
38 420
38 421
421 422
421 423
421 424
421 425
421 426
421 427
421 428
428 429
429 430
429 431
424 432
432 433
432 434
434 435
433 432
420 436
420 437
420 438
420 439
420 440
420 441
420 442
438 443
436 444
436 445
436 446
444 447
444 448
448 449
448 450
448 451
447 452
447 453
447 454
453 447
34 455
34 456
34 457
34 458
34 459
34 460
34 461
459 462
456 463
455 464
455 465
464 466
464 467
464 468
466 469
32 470
32 471
470 472
470 473
31 474
31 475
31 476
31 477
31 478
31 479
31 480
31 481
31 482
31 483
31 484
31 485
31 486
31 487
31 488
31 489
31 490
31 491
31 492
31 493
31 494
31 495
31 496
31 497
31 498
488 31
29 499
29 500
500 501
501 500
499 502
502 503
502 504
502 505
502 506
502 507
502 508
507 509
507 510
506 511
511 512
512 513
504 514
503 515
503 516
503 517
503 518
503 519
503 520
503 521
503 522
28 523
28 524
523 525
523 526
526 527
527 528
527 529
527 530
527 531
527 532
527 533
527 534
527 535
527 536
527 537
527 538
527 539
527 540
532 541
532 542
532 543
532 544
532 545
532 546
532 547
532 548
544 549
544 550
544 551
549 552
552 553
531 554
531 555
531 556
531 557
531 558
531 559
554 560
554 561
554 562
554 563
554 564
561 565
561 566
566 567
566 568
566 569
566 570
568 566
568 571
560 572
530 573
530 574
574 575
574 576
574 577
574 578
574 579
578 580
577 581
575 582
582 583
582 584
582 585
573 586
573 587
573 588
573 589
587 590
587 591
587 592
587 593
586 594
529 595
529 596
525 597
597 598
597 599
597 600
597 601
599 602
599 603
599 604
604 599
604 605
603 606
603 607
603 608
603 609
602 610
610 611
610 612
610 613
610 614
610 615
610 616
610 617
610 618
610 619
610 620
610 621
610 622
610 623
617 624
617 625
614 626
614 627
614 628
614 629
614 630
614 631
614 632
614 633
614 634
614 635
614 636
614 637
614 638
614 639
614 640
614 641
634 642
634 643
643 644
633 645
630 646
630 647
629 648
629 649
629 650
629 651
629 652
629 653
649 654
654 655
654 656
655 657
648 658
648 659
648 660
648 661
648 662
659 663
663 664
663 665
658 666
628 667
628 668
668 669
669 670
669 671
613 672
613 673
613 674
613 675
613 676
613 677
675 678
675 679
674 680
672 681
672 682
682 672
611 683
611 684
611 685
611 686
611 687
611 688
611 689
611 690
611 691
611 692
691 690
690 693
690 693
686 611
686 694
684 695
684 696
696 697
695 698
683 699
683 700
683 701
683 702
702 703
702 704
702 705
702 706
702 707
703 708
703 709
703 710
703 711
703 712
703 713
703 714
703 715
703 716
703 717
703 718
703 719
703 720
703 721
703 722
717 723
723 717
711 724
724 725
724 726
724 727
724 728
724 729
724 730
724 731
724 732
729 733
728 724
728 734
734 735
735 728
708 736
708 737
708 738
708 739
708 740
708 741
708 742
708 743
741 744
741 745
701 746
700 747
700 748
700 749
700 750
700 751
749 752
749 753
753 754
753 755
753 756
753 757
754 758
754 753
758 759
758 760
752 761
752 762
752 763
752 764
748 765
765 766
765 767
765 768
765 769
765 770
765 771
770 772
768 773
768 774
768 775
768 776
776 777
774 768
774 775
774 778
774 779
766 780
766 781
766 782
782 783
782 784
783 785
783 786
781 780
780 781
747 787
747 788
747 789
747 790
747 791
747 792
747 793
747 794
792 795
790 796
790 797
790 798
790 799
796 800
796 801
796 802
796 803
802 804
802 805
805 806
805 807
804 808
788 809
788 810
787 811
787 812
811 813
811 814
811 815
814 816
813 817
699 818
699 819
699 820
819 821
819 822
819 823
819 824
819 825
823 826
823 827
822 828
822 829
828 830
828 831
828 832
828 833
828 834
834 835
831 836
836 837
836 838
837 839
839 840
839 841
839 842
821 843
821 844
27 845
27 846
845 847
24 848
24 849
848 850
848 851
848 852
848 853
848 854
848 855
848 856
848 857
852 858
851 859
23 860
23 861
23 862
23 863
23 864
23 865
23 866
863 23
860 867
20 868
868 869
869 870
869 871
869 872
869 873
869 874
869 875
875 876
875 877
875 878
875 879
876 880
19 881
17 882
17 883
17 884
883 885
883 886
883 887
885 888
885 889
885 890
885 891
885 892
888 893
888 894
882 895
882 896
14 897
13 898
11 899
11 900
900 11
9 901
9 902
9 903
901 904
901 905
901 906
8 907
7 908
908 909
3 910
2 911
2 912
913 914
913 915
913 916
913 917
913 918
913 919
913 920
913 921
913 922
913 923
913 924
913 925
913 926
913 927
913 928
913 929
913 930
913 931
913 932
913 933
913 934
913 935
913 936
913 937
913 938
913 939
913 940
913 941
913 942
913 943
913 944
913 945
913 946
913 947
913 948
913 949
913 950
913 951
913 952
913 953
913 954
913 955
913 956
913 957
913 958
913 376
913 959
913 960
913 961
913 962
913 963
913 964
913 965
913 966
913 967
913 968
913 969
913 970
913 971
913 972
913 973
913 974
913 975
913 976
913 977
913 978
913 979
913 980
913 981
913 982
913 983
913 984
913 985
913 986
913 987
913 988
913 989
913 990
913 991
913 992
913 993
913 994
913 995
913 996
913 997
913 998
913 999
913 1000
913 1001
913 1002
913 1003
913 1004
913 1005
913 1006
913 1007
913 1008
913 1009
913 1010
913 1011
913 1012
913 1013
913 1014
913 1015
913 1016
913 1017
913 1018
913 1019
913 1020
913 1021
913 1022
913 1023
913 1024
913 1025
913 1026
913 1027
913 1028
913 1029
913 1030
913 1031
913 1032
913 1033
913 1034
913 1035
913 1036
913 1037
913 1038
913 1039
913 1040
913 1041
913 1042
913 1043
913 1044
913 1045
913 1046
913 1047
913 1048
913 1049
913 1050
913 1051
913 1052
913 1053
913 1054
913 1055
913 1056
913 1057
913 1058
913 1059
913 1060
913 1061
913 1062
913 1063
913 1064
913 1065
913 1066
913 1067
913 1068
913 1069
913 1070
913 1071
913 1072
913 1073
913 1074
913 1075
913 1076
913 1077
913 1078
913 1079
913 1080
913 1081
913 1082
913 1083
913 1084
913 1085
913 1086
913 1087
913 1088
913 1089
913 1090
913 1091
913 1092
913 1093
913 1094
913 1095
913 1096
913 1097
913 1098
913 1099
913 1100
913 1101
913 1102
913 1103
913 1104
913 837
913 1105
913 1106
913 1107
913 1108
913 1109
913 1110
913 1111
913 1112
913 1113
913 1114
913 1115
913 1116
913 1117
913 1118
913 1119
913 1120
913 1121
913 1122
913 1123
913 1124
913 1125
913 1126
913 1127
913 1128
913 1129
913 1130
913 1131
913 1132
913 1133
913 1134
913 1135
913 1136
913 1137
913 1138
913 1139
913 1140
913 1141
913 1142
913 1143
913 1144
913 1145
913 1146
913 1147
913 1148
913 1149
913 1150
913 1151
913 1152
913 1153
913 1154
913 1155
913 1156
913 1157
913 1158
913 1159
913 1160
913 1161
913 1162
913 1163
913 1164
913 1165
913 1166
913 1167
913 1168
913 1169
913 1170
913 1171
913 1172
913 1173
913 1174
913 1175
913 1176
913 1177
913 1178
913 1179
913 1180
913 1181
913 1182
913 1183
913 1184
913 1185
913 1186
913 1187
913 1188
913 1189
913 1190
913 1191
913 1192
913 1193
913 1194
913 1195
913 1196
913 1197
913 1198
913 1199
913 1200
913 1201
913 1202
913 1203
913 1204
913 1205
913 1206
913 1207
913 1208
913 1209
913 1210
913 1211
913 1212
913 1213
913 1214
913 1215
913 1216
913 1217
913 1218
913 1219
913 1220
913 1221
913 1222
913 1223
913 1224
913 1225
913 1226
913 1227
913 1228
913 1229
913 1230
913 1231
913 1232
913 1233
913 1234
913 1235
913 1236
913 1237
913 1238
913 1239
913 1240
913 1241
913 1242
913 1243
913 1244
913 1245
913 1246
913 1247
913 1248
913 1249
913 1250
913 1251
913 1252
913 1253
913 1254
913 1255
913 1256
913 1257
913 1258
913 1259
913 1260
913 1261
913 1262
913 1263
913 1264
913 1265
913 1266
913 1267
913 1268
913 1269
913 1270
913 1271
913 1272
913 1273
913 1274
913 1275
913 1276
913 1277
913 1278
913 1279
913 1280
913 1281
913 1282
913 1283
913 1284
913 1285
913 1286
913 1287
913 1288
913 1289
913 1290
913 1291
913 1292
913 1293
913 1294
913 1295
913 1296
913 1297
913 1298
913 1299
913 1300
913 1301
913 1302
913 1303
913 1304
913 1305
913 1306
913 1307
913 1308
913 1309
913 1310
913 1311
913 1312
913 1313
913 1314
913 1315
913 1316
913 1317
913 1318
913 1319
913 1320
913 1321
913 1322
913 1323
913 1324
913 1325
913 1326
913 1327
913 1328
913 1329
913 1330
913 1331
913 1332
913 1333
913 1334
913 1335
913 1336
913 1337
913 1338
913 1339
913 1340
913 1341
913 1342
913 1343
913 1344
913 1345
913 1346
913 1347
913 1348
913 1349
913 1350
913 1351
913 1352
913 1353
913 1354
913 1355
913 1356
913 1357
913 1358
913 1359
913 1360
913 1361
913 1362
913 1363
913 1364
913 1365
913 1366
913 1367
913 1368
913 1369
913 1370
913 1371
913 1372
913 1373
913 1374
913 1375
913 1376
913 1377
913 1378
913 1379
913 1380
913 1381
913 1382
913 1383
913 1384
913 1385
913 1386
913 1387
913 1388
913 1389
913 1390
913 1391
913 1392
913 1393
913 1394
913 1395
913 1396
913 1397
913 1398
913 1399
913 1400
913 1401
913 1402
913 1403
913 1404
913 1405
913 1406
913 1407
913 1408
913 1409
913 1410
913 1411
913 1412
913 1413
913 1414
913 1415
913 1416
913 1417
913 1418
913 1419
913 1420
913 1421
913 1422
913 1423
913 1424
913 1425
913 1426
913 1427
913 1428
913 1429
913 1430
913 1431
913 1432
913 1433
913 1434
913 1435
913 1436
913 1437
913 1438
913 1439
913 1440
913 1441
913 1442
913 1443
913 1444
913 1445
913 1446
913 1447
913 1448
913 1449
913 1450
913 1451
913 1452
913 1453
913 1454
913 1455
913 1456
913 1457
913 1458
913 1459
913 1460
913 1461
913 1462
913 1463
913 1464
913 1465
913 1466
913 1467
913 1468
913 1469
913 1470
913 1471
913 1472
913 1473
913 1474
913 1475
913 1476
913 1477
913 1478
913 1479
913 1480
913 1481
913 1482
913 1483
913 1484
913 1485
913 1486
913 1487
913 1488
913 1489
913 1490
913 1491
913 1492
913 1493
913 1494
913 1495
913 1496
913 1497
913 1498
913 1499
913 1500
913 1501
913 1502
913 1503
913 1504
913 1505
913 1506
913 1507
913 1508
913 1509
913 1510
913 1511
913 1512
913 1513
913 1514
913 1515
913 1516
913 1517
913 1518
913 1519
913 1520
913 1521
913 1522
913 1523
913 1524
913 1525
913 1526
913 1527
913 1528
913 1529
913 1530
913 1531
913 1532
913 1533
913 1534
1499 1535
1456 1536
1536 1456
1454 1537
1402 1538
1393 1539
1372 1540
1362 1541
1268 1542
1182 1543
1182 1544
1182 1545
1182 1546
1543 1182
1178 1547
1547 1548
1548 1549
1548 1550
1548 1551
1549 1552
1549 1553
1549 1554
1549 1555
1549 1556
1549 1557
1549 1558
1549 1559
1549 1560
1549 1561
1549 1562
1549 1563
1549 1564
1549 1565
1549 1566
1549 1567
1549 1568
1549 1569
1549 1570
1549 1571
1549 1572
1549 1573
1549 1574
1549 1575
1549 1576
1549 1577
1549 1578
1549 1579
1549 1580
1549 1581
1549 1582
1549 1583
1549 1584
1549 1585
1549 1586
1549 1587
1549 1588
1549 1589
1549 1590
1549 1591
1549 1592
1549 1593
1549 1594
1549 1595
1549 1596
1549 1597
1549 1598
1549 1599
1549 1600
1549 1601
1549 1602
1549 1603
1549 1604
1549 1605
1549 1606
1549 1607
1549 1608
1549 1609
1549 1610
1549 1611
1549 1612
1549 1613
1549 1614
1549 1615
1549 1616
1549 1617
1549 1618
1549 1619
1549 1620
1549 1621
1549 1622
1549 1623
1549 1624
1549 1625
1549 1626
1549 1627
1549 1628
1549 1629
1549 1630
1549 1631
1549 1632
1549 1633
1620 1634
1617 1635
1617 1636
1612 1637
1606 1638
1606 1639
1639 1640
1640 1606
1640 1641
1638 1606
1603 1642
1601 1643
1600 1644
1596 1645
1645 1646
1645 1647
1646 1648
1595 1649
1592 1650
1591 1651
1591 1652
1651 1653
1590 1654
1587 1655
1655 1587
1579 1656
1579 1657
1656 1658
1656 1659
1656 1660
1573 1661
1573 1662
1573 1663
1573 1664
1573 1665
1573 1666
1573 1667
1573 1668
1661 1663
1661 1669
1572 1670
1571 1671
1671 1672
1567 1673
1673 1674
1673 1675
1673 1676
1674 1677
1674 1678
1674 1679
1679 1680
1679 1681
1679 1682
1679 1683
1681 1684
1681 1685
1681 1686
1681 1687
1686 1688
1685 1681
1684 1689
1689 1690
1680 1691
1680 1692
1678 1693
1678 1694
1678 1695
1562 1696
1562 1697
1562 1698
1697 1699
1696 1700
1561 1701
1561 1702
1560 1703
1560 1704
1560 1705
1704 1706
1703 1707
1703 1604
1703 1708
1559 1709
1559 1710
1709 1711
1709 1712
1709 1713
1709 1714
1709 1715
1713 1716
1711 1717
1711 1718
1711 1719
1711 1720
1711 1721
1711 1722
1711 1723
1711 1724
1711 1725
1722 1726
1726 1727
1726 1728
1719 1729
1718 1730
1717 1731
1731 1732
1731 1733
1731 1734
1731 1735
1731 1736
1731 1737
1731 1738
1731 1739
1737 1740
1736 1731
1734 1741
1741 1742
1742 1743
1742 1744
1733 1745
1733 1746
1746 1747
1746 1748
1747 1749
1558 1750
1558 1751
1751 1752
1557 1753
1557 1754
1557 1755
1557 1756
1557 1757
1557 1758
1557 1759
1557 1760
1758 1761
1753 1762
1753 1763
1753 1764
1753 1765
1753 1766
1753 1767
1753 1768
1753 1769
1753 1770
1753 1771
1753 1772
1753 1773
1753 1774
1753 1775
1753 1776
1753 1777
1771 1778
1771 1779
1771 1780
1771 1781
1771 1782
1771 1783
1771 1784
1770 1785
1770 1786
1770 1787
1767 1788
1767 1789
1765 1790
1762 1791
1791 1792
1791 1793
1791 1794
1791 1795
1791 1796
1791 1797
1791 1798
1791 1799
1791 1800
1791 1801
1791 1802
1791 1803
1791 1804
1791 1805
1805 1806
1802 1807
1799 1808
1798 1809
1798 1810
1798 1811
1810 1812
1810 1798
1810 1813
1809 1814
1796 1815
1796 1816
1792 1817
1555 1818
1555 1819
1555 1820
1818 986
1554 1821
1554 1822
1554 1823
1554 1824
1554 1825
1554 1826
1554 1827
1554 1828
1554 1829
1554 1830
1554 1831
1554 1832
1554 1833
1554 1834
1554 1835
1831 1836
1822 1837
1822 1838
1838 1839
1839 1822
1821 1840
1821 1841
1841 1842
1841 1843
1842 1844
1842 1845
1842 1846
1842 1847
1846 1848
1845 1849
1849 1850
1849 1851
1849 1852
1851 1853
1850 1854
1850 1849
1850 1855
1850 1856
1850 1857
1854 1850
1840 1858
1840 1859
1840 1860
1840 1861
1840 1862
1858 1863
1863 1864
1863 1865
1863 1866
1863 1867
1863 1868
1863 1869
1863 455
1863 1870
1863 1871
1863 1872
1863 1873
1863 1874
1863 1875
1863 1876
1863 1877
1863 1878
1863 1879
1863 1880
1863 1881
1863 1882
1863 1883
1863 1884
1863 1885
1863 1886
1863 1887
1863 1888
1863 1889
1863 1890
1863 1891
1863 1892
1863 1893
1863 1894
1863 1895
1863 1896
1863 1897
1863 1898
1863 1899
1896 1900
1900 1901
1900 1896
1895 1902
1895 1903
1895 1904
1895 1905
1895 1906
1906 1907
1904 1908
1904 1905
1902 1909
1902 1910
1902 1911
1902 1912
1902 1913
1902 1914
1902 1915
1902 1916
1902 1917
1902 1918
1902 1919
1902 1920
1902 1921
1902 1922
1902 1923
1902 1924
1902 1925
1902 1926
1902 1927
1902 1928
1902 1929
1902 1930
1902 1931
1922 1932
1910 1933
1910 1934
1910 1935
1910 1936
1910 1937
1910 1938
1910 1939
1894 1940
1894 1941
1877 1942
1877 1943
1877 1944
1877 1945
1877 1946
1877 1947
1877 1948
1877 1949
1877 1950
1875 1951
1875 1952
1874 1953
1874 1954
1874 1955
1873 1956
1956 1957
1871 1958
1871 1959
1871 1960
1871 1961
1871 1962
1871 1963
1960 1964
1960 1965
1960 1966
1960 1967
1960 1968
1960 1969
1960 1970
1960 1971
1960 1972
1960 1973
1960 1974
1960 1975
1960 1976
1960 1977
1960 1978
1960 1979
1960 1980
1960 1981
1960 1982
1960 1983
1960 1984
1960 1985
1960 1986
1960 1987
1960 1988
1960 1989
1960 1990
1960 1991
1960 1992
1960 1993
1980 1994
1994 1995
1967 1960
1964 1996
1964 1997
1997 1998
1997 1999
1998 2000
1998 2001
2000 1998
1996 2002
2002 2003
2002 2004
2002 1998
1959 2005
1959 2006
1959 2007
1959 2008
1959 2009
2009 2008
2009 2010
2008 2009
2007 2011
2006 2012
2006 1603
2006 2013
2006 2014
2006 2015
2005 2016
2005 2017
2005 2018
2017 2019
2016 2020
2020 2021
1958 2022
1958 2023
1958 2024
1958 2025
1958 2026
1958 2027
1958 2028
1958 2029
1958 2030
1958 2031
1958 2032
1958 2033
1958 2034
1958 2035
2033 2036
2031 2037
2031 2038
2031 2039
2038 2031
2037 2040
2037 2041
2030 2042
2028 2043
2024 2044
1870 2045
1870 2046
1869 2047
1869 2048
1869 2049
1869 2050
1869 2051
2051 2052
2051 2053
2051 2054
2052 2055
2052 2056
2055 2057
2049 2058
2048 2059
2048 2060
1867 2061
1867 2062
1867 2063
2063 1867
2061 2064
1865 2065
1864 2066
1864 2067
1553 2068
2068 2069
1552 2070
1552 2071
1552 2072
1552 2073
1552 2074
1552 2075
1552 2076
1552 2077
1552 2078
1552 2079
1552 2080
1552 2081
1552 2082
1552 2083
2075 2084
2075 2085
2075 2086
2075 2087
2075 2088
2075 2089
2075 2090
2075 2091
2075 2092
2075 2093
2075 2094
2075 2095
2075 2096
2075 2097
2075 2098
2075 2099
2075 2100
2094 2101
2085 2102
2072 2103
2103 2104
2103 2105
2103 2106
2103 2107
2103 2108
2103 2109
2103 2110
2103 2111
2103 2112
2103 2113
2103 2114
2105 2115
2105 2116
2105 2117
2105 2118
2105 2119
2105 2120
2105 2121
2105 2122
2105 2123
2105 2124
2105 2125
2105 2126
2105 2127
2105 2128
2105 2129
2105 2130
2105 2131
2105 2132
2105 2133
2105 2134
2105 2135
2105 2136
2105 2137
2105 2138
2105 2139
2105 2140
2105 2141
2105 2142
2139 2143
2139 453
2136 2144
2144 2136
2135 2145
2131 2146
2146 2147
2146 2148
2124 2149
2123 2150
2122 2151
2120 2152
2119 2153
2119 2154
2153 2155
2153 2156
2153 2157
2153 2158
2157 2159
2157 697
2155 2160
2155 2161
2155 2162
2155 2163
2155 2164
2164 2165
2164 2166
2164 2167
2164 2168
2164 2169
2164 2170
2164 2171
2164 2172
2164 2173
2163 2174
2163 2175
2161 67
2161 2176
2161 2177
2161 2178
2160 2179
2160 2180
2118 2181
2181 2182
2182 2183
2182 2184
2182 2185
2185 2186
2117 2187
2117 2188
2117 2189
2117 2190
2117 2191
2117 2192
2117 2193
2117 2194
2117 2195
2117 2196
2196 2197
2196 2198
2195 2199
2199 2200
2200 2201
2200 2202
2200 2203
2200 2204
2200 2205
2200 2206
2200 2207
2200 2208
2200 2209
2200 2210
2200 2211
2200 2212
2200 2213
2200 2214
2200 2215
2210 2143
2203 2216
2216 2203
2201 2217
2194 2218
2194 2219
2194 2220
2194 2221
2194 2222
2219 2194
2193 2223
2193 2224
2193 2225
2193 2226
2193 2227
2193 2228
2193 2229
2193 2230
2193 2231
2193 2232
2193 2233
2193 2234
2193 2235
2229 2236
2226 2237
2225 2238
2225 2239
2225 2240
2225 2241
2225 2242
2225 2243
2225 2244
2191 2245
2189 2246
2189 2247
2189 2248
2189 2249
2189 2250
2189 2251
2189 2252
2252 2253
2248 2254
2254 2255
2254 2256
2254 2257
2254 2258
2254 2259
2254 2260
2254 2261
2254 2262
2254 2263
2254 2264
2254 2265
2254 2266
2254 2267
2266 2268
2268 2269
2268 2270
2268 2271
2268 2272
2268 2273
2268 2274
2268 2275
2268 2276
2268 2277
2277 2278
2276 2279
2276 2280
2280 2281
2274 2282
2273 2283
2273 2284
2273 2285
2273 2286
2273 2287
2273 2288
2273 2289
2273 2290
2290 2273
2286 2291
2284 2292
2292 2284
2283 2293
2283 2294
2294 2295
2293 2296
2293 2297
2293 2298
2293 2299
2298 2300
2272 2268
2272 2301
2271 1072
2269 2302
2269 2303
2269 2304
2264 2305
2263 2306
2260 2307
2260 2308
2260 2309
2259 2310
2258 2311
2258 2312
2258 2313
2258 2314
2258 2315
2312 2316
2311 2317
2311 2318
2317 684
2317 2319
2317 2320
2319 2321
2257 2322
2257 2323
2257 2324
2257 2325
2257 2326
2257 2327
2326 2257
2256 2328
2256 2329
2256 2330
2256 2331
2331 2256
2255 2332
2255 2333
2255 2334
2255 666
2255 2335
2255 2336
2255 2337
2255 2338
2255 2339
2255 2340
2255 2341
2255 2342
2255 2343
2255 2344
2255 2345
2255 2346
2255 98
2255 2347
2255 2348
2255 2349
2255 2350
2255 2351
2255 2352
2255 2353
2255 2354
2255 2355
2255 2356
2255 2357
2255 2358
2255 2359
2255 2360
2255 2361
2255 2362
2255 2363
2255 2364
2255 2365
2255 2366
2255 2367
2255 2368
2255 2369
2255 2370
2255 2371
2255 2372
2255 2373
2255 2374
2255 2375
2255 2376
2255 2377
2255 2378
2255 2379
2255 2380
2255 2381
2255 2382
2255 2383
2255 2384
2255 2385
2255 2386
2382 2387
2380 2388
2388 2380
2379 2389
2379 2390
2379 2391
2389 2392
2392 2393
2348 2394
2348 2395
2394 2396
2396 2397
2342 2398
2340 2399
2340 2400
2340 2401
2340 2402
2340 2403
2401 2404
2404 2405
2399 2406
2336 2407
2336 2408
2407 2409
2407 2410
2409 2411
2409 2412
2409 2413
2409 2414
2409 2415
2412 2409
2411 2416
2411 2417
2332 2418
2332 87
2332 2419
2418 2420
2188 2421
2188 2422
2188 2423
2188 2424
2188 2425
2422 2426
2421 2427
2421 2428
2421 2429
2421 2430
2421 2431
2431 2432
2430 2433
2430 2434
2430 2435
2435 2436
2435 2437
2436 2438
2434 2439
2433 2440
2433 2441
2433 2442
2433 2443
2433 2444
2433 2445
2433 2446
2433 2447
2433 2448
2445 2449
2428 2450
2450 2451
2451 2452
2452 2453
2452 2454
2453 2455
2453 2456
2453 2457
2453 2458
2455 2459
2455 2460
2455 2461
2459 2462
2459 2463
2459 2464
2464 2465
2464 2466
2466 2464
2466 2467
2463 2468
2427 2469
2427 2470
2427 2471
2427 2472
2427 2016
2427 2473
2470 1763
2470 2474
2469 2475
2469 2476
2469 2477
2476 2478
2478 2476
2475 2479
2475 2480
2480 2481
2480 2482
2481 2483
2481 2484
2479 2485
2479 2486
2486 2487
2485 2488
2488 2489
2488 2490
2488 2491
2488 2492
2488 2493
2488 2494
2187 2495
2187 2496
2187 2497
2187 2498
2187 2499
2187 2500
2496 2501
2496 2502
2496 2503
2496 2504
2504 2505
2504 2506
2506 2504
2505 2507
2505 2508
2503 2509
2509 2510
2502 2511
2502 2496
2502 2512
2502 2513
2513 2502
2511 2514
2511 1092
1092 2515
1092 2516
2514 2517
2517 2514
2501 2518
2518 2519
2519 2520
2495 2521
2115 2522
2115 2523
2115 2524
2115 2525
2104 2526
2104 2527
2104 2528
2104 2529
2104 2530
2104 2531
2531 2532
2532 2533
2532 2531
2532 2534
2534 2532
2533 2535
2529 2536
2527 2537
2537 2538
2538 2537
2526 2539
2071 2540
2071 2541
2541 2542
2540 2543
2540 2544
2540 2545
2540 2546
2540 2547
2540 2548
2540 2549
2540 2550
2540 2551
2540 2552
2540 2553
2540 2554
2540 2555
2550 2556
2550 2557
2556 2558
2556 2559
2556 2560
2556 2561
2556 2562
2556 2563
2556 2564
2556 2565
2556 2566
2564 2567
2562 2568
2568 2569
2568 2570
2568 2571
2568 2572
2568 2573
2568 2574
2571 2575
2569 2576
2569 2577
2569 2578
2578 2579
2578 2580
2577 2581
2581 2582
2560 2583
2560 2556
2560 2584
2560 2585
2583 1821
2558 2586
2558 2204
2586 2587
2549 2588
2549 2589
2547 2590
2547 2591
2547 2592
2592 2547
2592 2593
2590 2594
2594 2595
2595 2596
2595 2597
2595 2598
2595 2599
2595 2600
2595 2601
2595 2602
2595 2603
2595 2604
2595 2605
2603 2606
2606 2603
2599 2607
2599 2608
2598 2609
2598 2610
2610 2611
2609 2612
2609 2613
2609 2614
2609 2615
2609 2616
2609 2617
2609 2618
2617 2619
2617 2620
2617 2621
2615 2609
2614 2616
2597 2622
2596 2623
2596 2624
2596 2625
2545 2626
2545 2627
2545 2628
2545 2629
2627 2630
2627 2631
2630 2632
2632 2633
2632 2634
2626 2635
2626 2636
2626 2637
2626 2638
2626 2639
2626 2640
2626 2641
2070 2642
1177 1140
1140 1177
1165 2643
1165 2644
1165 2645
2645 1165
2643 1165
1162 2646
1160 2647
1159 2648
2648 2649
1157 2650
1150 2651
1150 2652
1139 2653
1132 2654
1130 2655
1130 2656
2656 2657
1125 2658
1125 2659
1125 2660
1125 2661
1125 2662
1125 2663
1125 2664
2662 2665
2660 2666
2659 2667
1123 2668
2668 2669
1121 2670
1112 2671
1111 2672
1111 2673
1111 2674
1105 2675
1102 2676
1101 2677
2677 2678
1096 2679
2679 2680
2679 2681
2679 2682
2679 2683
2679 2684
2679 2685
2685 2686
2686 2687
2682 2688
2682 2689
2688 2690
2681 2691
1094 2692
2692 2693
2693 2694
1093 2695
1092 2515
1092 2516
1091 2696
2696 1091
1090 2697
2697 2698
1087 2699
2699 2700
2699 2701
2699 2702
2699 2703
2699 2704
1082 2705
1082 2706
1081 2707
1078 2708
1064 2709
2709 1064
1063 2710
1063 2711
2711 2712
2712 2713
2712 2714
2710 2715
1055 2716
1048 2717
1048 2718
2717 2719
2717 2720
2717 796
2720 2721
2720 2722
2720 2723
2720 2724
2720 2725
2720 2726
2720 2727
2720 2728
2720 2729
2720 2730
2730 2731
2731 2730
2725 2732
2724 2733
2724 2734
2733 129
2723 2735
2723 2736
2723 2737
2723 2738
2723 2739
2723 2740
2723 2741
2723 2742
2723 2743
2723 2744
2723 2745
2723 2746
2723 2747
2723 2748
2723 2749
2723 2750
2723 2751
2723 2752
2723 2753
2723 2754
2723 2755
2723 2756
2723 2757
2723 2758
2723 2759
2723 2760
2723 2761
2723 2762
2723 2763
2723 2764
2723 2765
2723 2766
2723 2767
2723 2768
2723 2769
2723 2770
2723 2771
2723 2772
2723 2773
2723 2774
2723 2775
2723 2776
2723 2777
2723 2778
2723 2779
2723 2780
2723 2781
2723 2782
2723 2783
2723 2784
2723 2785
2723 2786
2722 2787
2722 2788
2722 2789
2788 2790
2787 2791
2787 2792
2787 2793
2787 2794
2793 2795
2792 2796
2792 2797
2792 2798
2792 2799
2792 2800
2792 2801
2792 2802
2792 2803
2792 2804
2791 2805
2805 2806
2806 2807
2806 2808
2806 2809
2809 2810
2721 2811
2719 2812
2719 2813
2719 2814
2719 2815
2719 2816
2719 2817
2719 2818
2816 2819
2814 2820
2820 2821
2820 2822
2821 2823
2821 2824
2821 2825
2824 2826
2823 2827
2823 2828
2812 2829
1042 2830
1035 2831
1029 2832
2832 283
1026 2833
2833 2834
2833 2835
1022 2836
1020 2837
1020 2838
1007 2839
990 2840
989 2841
987 2842
2842 987
984 2843
984 2844
983 2845
2845 2846
2845 983
980 2847
980 2848
980 2849
2848 2850
2847 598
978 2851
978 2852
974 2853
973 2854
971 2855
971 2856
969 2857
969 2858
969 2859
2859 969
2859 2860
2860 2859
2860 2861
962 2862
962 2863
961 2864
960 2865
960 2866
2865 2867
2865 2868
2867 2869
957 2870
957 2871
2870 2872
2870 2873
2873 2874
956 1021
956 2875
955 2876
955 2877
955 2878
955 2879
2876 2878
953 2880
952 2881
2881 952
2881 2882
2881 2883
2881 2884
950 2885
946 2886
945 2887
945 2888
945 2889
2888 945
2887 2890
2887 2891
2891 2892
2891 2893
943 2894
943 2895
943 2896
2895 2897
2895 2898
2897 2895
2894 2899
2894 2900
2900 2901
942 2902
940 2903
940 2904
2903 1058
938 2905
931 2906
931 2907
931 2908
2908 2909
2908 2910
930 2911
929 2912
2912 2913
2912 2914
2912 2915
2912 2916
2912 2917
2912 2918
2912 2919
2912 2920
2912 2921
2912 2922
2912 2923
2912 2924
2921 2925
2916 2926
926 2927
925 2928
924 2929
923 2930
923 2931
923 2932
923 2933
923 2934
923 2935
923 2936
2930 2937
2930 2938
2937 2939
2937 2940
2937 2941
2937 2942
2937 2943
921 2944
921 2945
920 2946
920 2947
2947 2948
2947 2949
2947 2950
2947 2951
2947 2952
2947 2953
2947 2954
2947 2955
2955 2956
2955 2957
2957 2958
2956 2959
2951 2960
2949 2961
2948 2962
2948 2963
2948 2964
2948 2965
2962 2966
2946 2967
2946 2968
2946 2969
2967 2946
2967 2970
2967 2971
2970 2967
2970 2971
2970 2972
919 2973
919 2974
919 2975
2974 2976
2973 2977
2973 2978
2973 2979
2973 2980
2973 2981
2973 2982
2973 2983
2973 2984
2982 2973
2978 2985
917 2986
917 2987
2986 2988
2986 2989
2986 2990
914 2991
2991 2992
2991 2993
2992 2994
2995 2996
2995 2997
2995 2998
2995 2999
2995 3000
2995 3001
2995 3002
2995 3003
2995 3004
2995 573
2995 3005
2995 3006
2995 3007
2995 3008
2995 3009
2995 530
2995 3010
2995 927
2995 3011
2995 3012
2995 3013
2995 3014
2995 39
2995 3015
2995 3016
2995 3017
2995 3018
2995 3019
2995 3020
2995 3021
2995 3022
2995 3023
2995 3024
2995 3025
2995 3026
2995 3027
2995 3028
2995 3029
2995 3030
2995 3031
2995 3032
2995 3033
2995 3034
2995 3035
2995 3036
2995 3037
2995 3038
2995 3039
2995 3040
2995 3041
2995 3042
2995 3043
2995 3044
2995 3045
2995 3046
2995 3047
2995 3048
2995 3049
2995 3050
2995 3051
2995 3052
2995 3053
2995 3054
2995 3055
2995 3056
2995 3057
2995 3058
2995 3059
2995 3060
2995 3061
2995 3062
2995 3063
2995 3064
2995 3065
2995 3066
2995 3067
2995 3068
2995 3069
2995 3070
2995 3071
2995 3072
2995 480
2995 3073
2995 3074
2995 3075
2995 3076
2995 3077
2995 3078
2995 3079
2995 3080
2995 3081
2995 3082
2995 3083
2995 3084
2995 3085
2995 3086
2995 3087
2995 3088
2995 3089
2995 3090
2995 3091
2995 3092
2995 3093
2995 3094
2995 3095
2995 3096
2995 3097
2995 3098
2995 3099
2995 3100
2995 3101
2995 3102
2995 3103
2995 3104
2995 1061
2995 3105
2995 3106
2995 3107
2995 3108
2995 3109
2995 3110
2995 3111
2995 3112
2995 3113
2995 3114
2995 3115
2995 3116
2995 3117
2995 3118
2995 3119
2995 3120
2995 3121
2995 3122
2995 3123
2995 3124
2995 3125
2995 3126
2995 3127
2995 3128
2995 2714
2995 3129
2995 3130
2995 3131
2995 3132
2995 3133
2995 3134
2995 3135
2995 3136
2995 2129
2995 3137
2995 3138
2995 3139
2995 3140
2995 3141
2995 3142
2995 3143
2995 3144
2995 3145
2995 3146
2995 3147
2995 3148
2995 3149
2995 3150
2995 3151
2995 3152
2995 3153
2995 3154
2995 3155
2995 3156
2995 3157
2995 3158
2995 3159
2995 3160
2995 3161
2995 3162
2995 3163
2995 3164
2995 3165
2995 3166
2995 3167
2995 3168
2995 1148
2995 3169
2995 3170
2995 3171
2995 3172
2995 3173
2995 3174
2995 3175
2995 3176
2995 3177
2995 3178
2995 3179
2995 3180
2995 3181
2995 3182
2995 3183
2995 3184
2995 3185
2995 3186
2995 3187
2995 3188
2995 3189
2995 3190
2995 3191
2995 3192
2995 3193
2995 3194
2995 3195
2995 3196
2995 3197
2995 3198
2995 3199
2995 3200
2995 3201
2995 3202
2995 3203
2995 3204
2995 3205
2995 3206
2995 3207
2995 3208
2995 3209
2995 3210
2995 3211
2995 3212
2995 3213
2995 3214
2995 3215
2995 3216
2995 3217
2995 3218
2995 3219
2995 3220
2995 3221
2995 3222
2995 3223
2995 3224
2995 3225
2995 3226
2995 3227
2995 3228
2995 3229
2995 3230
2995 3231
2995 3232
2995 3233
2995 3234
2995 3235
2995 3236
2995 3237
2995 3238
2995 3239
2995 3240
2995 3241
2995 3242
2995 3243
2995 3244
2995 3245
2995 3246
2995 3247
2995 3248
2995 3249
2995 3250
2995 3251
2995 3252
2995 3253
2995 3254
2995 3255
2995 3256
2995 3257
2995 3258
2995 3259
2995 3260
2995 3261
2995 3262
2995 3263
2995 3264
2995 3265
2995 3266
2995 3267
2995 3268
2995 3269
2995 3270
2995 3271
2995 3272
2995 3273
2995 3274
2995 3275
2995 3276
2995 3277
2995 3278
2995 3279
2995 3280
2995 3281
2995 3282
2995 3283
2995 3284
2995 3285
2995 3286
2995 3287
2995 3288
2995 3289
2995 3290
2995 3291
2995 3292
2995 3293
2995 3294
2995 3295
2995 3296
2995 3297
2995 3298
2995 3299
2995 3300
2995 3301
2995 3302
2995 1190
2995 3303
2995 3304
2995 3305
2995 3306
2995 3307
2995 3308
2995 3309
2995 3310
2995 3311
2995 3312
2995 3313
2995 3314
2995 3315
2995 3316
2995 3317
2995 3318
2995 3319
2995 3320
2995 3321
2995 3322
2995 3323
2995 3324
3317 3325
3325 3317
3281 3326
3276 3327
3252 3328
3201 3329
3186 3330
3186 3331
3175 3332
3170 3333
3165 3334
3165 3335
3162 3336
3162 3337
3162 3338
3162 3339
3158 3340
3158 3341
3155 3342
3153 3343
3153 3344
3344 3345
3345 3346
3345 3343
3345 3347
3345 3344
3346 3153
3151 3348
3151 3349
3348 3350
3348 3351
3348 3352
3348 3151
3351 3353
3351 3354
3354 3351
3350 3355
3350 3356
3350 3357
3350 3358
3350 3359
3350 3360
3350 3361
3355 3362
3355 3363
3355 3364
3355 3365
3355 3366
3355 3367
3355 3368
3362 3369
3362 3370
3362 3371
3362 3372
3362 3373
3362 3374
3362 3375
3362 291
3362 3376
3362 3377
3362 3378
3362 3379
3362 3380
3362 3381
3362 3382
3380 3383
3376 3384
3376 3385
3376 3386
3384 3387
3384 3388
3384 3389
3387 3388
3387 3390
3387 3391
3373 3392
3392 3373
3371 3393
3371 3394
3371 3395
3149 3396
3148 3397
3144 3398
3139 3399
3137 3400
3137 3401
3136 3402
3133 3403
3130 3404
3130 3405
3130 3406
3405 3130
3129 3407
3122 3408
3408 3122
3119 3409
3119 3410
3410 3119
3117 3411
3411 3117
3113 3412
3108 3413
3413 3108
3107 3414
3107 3415
3414 3416
3414 3417
3106 3418
3104 3419
3103 3420
3103 3421
3100 3422
3099 3423
3099 3424
3423 3099
3423 3425
3423 3426
3423 3427
3095 3428
3095 3429
3095 3430
3085 3431
3431 3085
3077 1843
3077 3432
3070 3433
3067 3434
3067 3435
3067 3436
3067 3437
3067 3438
3067 3439
3057 3440
3057 3441
3057 3442
3441 3443
3441 3444
3441 3445
3444 3446
3443 457
3440 3447
3447 3448
3447 3449
3047 3450
3047 3451
3046 3452
3046 3453
3046 3454
3046 3455
3452 3456
3043 3457
3043 3458
3043 3459
3042 3460
3042 3461
3040 3462
3036 3463
3036 3464
3036 3465
3036 3466
3464 3467
3464 3468
3464 3469
3463 3470
3470 3471
3471 3472
3035 3473
3035 3474
3033 3475
3475 3476
3475 3477
3475 3478
3476 3479
3479 3480
3479 3481
3480 3482
3482 3480
3482 3483
3028 3484
3026 3485
3026 3486
3026 3487
3026 3488
3026 3489
3486 3490
3486 3488
3486 3491
3485 3492
3024 3493
3024 3494
3024 3495
3024 1967
3495 3496
3495 3497
3495 3498
3494 3499
3499 3500
3493 3501
3493 3502
3493 3503
3502 3504
3022 3505
3022 3506
3505 3507
3021 3508
3019 3509
3509 3510
3018 2311
3015 3511
3511 3512
3511 3513
3511 3514
3511 3515
3511 3516
3511 3517
3511 3518
3512 3519
3512 3520
3512 3521
3520 3522
3014 3523
3009 3524
3007 3525
3006 3526
3005 3527
3527 3528
3527 3529
3527 3530
3527 3531
3527 2638
3527 3532
3527 3533
3527 3534
3527 3535
3527 3536
3527 3537
3527 3538
3527 3539
3527 3540
3527 3541
3527 3542
3527 3543
3527 3544
3527 3545
3527 3546
3527 3547
3527 3548
3527 3549
3527 3550
3527 3551
3527 3552
3527 3553
3527 3554
3527 3555
3527 3556
3527 3557
3527 3558
3527 3559
3527 3560
3527 3561
3527 3562
3527 3563
3527 3564
3527 3565
3527 3566
3527 3567
3563 3568
3552 3569
3552 3570
3548 3571
3571 3548
3547 3572
3547 3573
3542 3574
3542 3575
3575 3542
3574 3576
3574 3577
3574 3578
3574 3579
3574 3580
3574 3581
3574 3582
3574 3583
3574 3584
3574 3585
3574 3586
3574 3587
3574 3588
3574 3589
3574 3590
3574 3591
3574 3592
3574 3593
3587 3594
3594 3587
3578 3595
3578 3596
3596 3578
3541 3597
3538 3598
3538 3599
3532 3600
3532 3601
3532 3602
3532 3603
3603 3604
3602 3605
3600 3606
3606 3607
3531 3608
3531 3609
3531 512
3531 3610
3531 3611
3531 3612
3531 3613
3531 3614
3531 3615
3531 3616
3531 3617
3531 3618
3531 3619
3531 3620
3531 3621
3531 3622
3531 3623
3531 3624
3531 3625
3531 3626
3531 3627
3531 3161
3531 3628
3531 3629
3531 3630
3531 3631
3531 3632
3531 3633
3531 3634
3531 3635
3531 3636
3531 3637
3634 3638
3634 3639
3634 3640
3632 3641
3627 3642
3627 3643
3642 3627
3624 3644
3613 3645
3613 3646
3645 3647
3610 3648
3610 3649
3608 3650
3608 3651
3608 3652
3608 3653
3608 3654
3608 3655
3608 3656
3654 3657
3654 3658
3652 3659
3659 3660
3651 3661
3651 3662
3651 3663
3651 3664
3661 3665
3661 3666
3661 3667
3667 3661
3530 3668
3529 3669
3528 3670
3528 3671
3528 3672
3528 3099
3528 3673
3528 3674
3528 3675
3528 3676
3528 3677
3528 3678
3528 3679
3528 3680
3528 3681
3528 3682
3528 3683
3528 3684
3528 3685
3528 3686
3528 3687
3528 3688
3528 3689
3528 3690
3528 3691
3528 3692
3685 3693
3672 3694
3672 3695
3672 3696
3672 3697
3694 3698
3698 3699
3671 3700
3671 3701
3671 3702
3671 3703
3671 3704
3671 3705
3670 3706
3004 3707
3004 3708
3707 3709
3707 3710
3707 3711
3707 3712
3707 3713
3711 3714
3710 3715
3003 3716
3003 3717
3003 3718
3003 3719
3003 3720
3003 3721
3721 3003
3721 3722
3719 3723
3719 3724
3719 3725
3002 3726
3002 3727
3002 3728
3002 3729
3002 3730
3002 3731
3002 3732
3002 3733
3002 3734
3729 3735
3729 3736
3729 3737
3729 3738
3737 3739
3735 3740
3735 3741
3735 3742
3735 3743
3735 3744
3744 3735
3727 3745
3727 3002
3745 3746
3726 3747
3001 3748
3001 3749
3749 3750
3749 3751
3749 3752
3749 3753
3749 3754
3749 3755
3749 3756
3754 3757
3754 3758
3757 3759
3757 3760
3752 3761
3752 3762
3752 3763
3752 3764
3752 3765
3752 3766
3752 3767
3752 3768
3767 3769
3766 3770
3770 3771
3770 3772
3771 3773
3762 3774
3751 3775
3751 3776
3751 3777
3751 3778
3751 3779
3751 3780
3751 3781
3751 3782
3751 3783
3751 3784
3781 3785
3781 3786
3786 3787
3786 3788
3788 3789
3779 3790
3777 3791
3776 3792
3776 3793
3776 3794
3776 3795
3776 3796
3776 3797
3776 3798
3776 1115
3776 3799
3792 3800
3792 3801
3792 666
3792 3802
3792 3803
3803 3804
3803 3805
3803 3806
3803 3807
3807 3808
3807 3809
3808 3807
3802 3803
3802 3806
3800 3810
3810 3811
3811 3812
3750 3813
3750 3814
3748 3815
3815 3816
3815 3817
3815 3818
3815 3819
3815 3820
3815 3821
3821 3822
3819 3823
3823 13
3823 3824
3823 3825
3824 3826
3818 3827
3818 3828
3828 3829
3827 3830
3827 3831
3831 3832
3832 3833
3832 3831
2999 3050
2997 1871
2997 3485
2996 3834
2996 2408
3834 3835
3836 3837
3836 3838
3836 3839
3836 3840
3836 3841
3836 3842
3836 3843
3836 3844
3836 3845
3836 3846
3836 3847
3836 3848
3836 315
3836 3849
3836 3850
3836 3851
3836 3852
3836 3853
3836 3854
3836 3855
3836 3856
3836 3857
3836 3858
3836 3859
3836 3860
3836 3861
3836 3862
3836 2296
3836 3863
3836 3864
3836 3865
3836 768
3836 79
3836 3866
3836 3867
3836 3868
3836 3869
3836 3870
3836 980
3836 3871
3836 3872
3836 3873
3836 3874
3836 479
3836 3875
3836 3876
3836 3877
3836 3878
3836 3879
3836 3880
3836 3881
3836 3882
3836 3883
3836 3884
3836 1655
3836 3885
3836 3886
3836 3887
3836 3888
3836 3889
3836 3890
3836 3891
3836 3892
3836 3893
3836 3894
3836 3895
3836 3896
3836 3897
3836 3898
3836 3899
3836 2280
3836 3900
3836 3901
3836 3902
3836 3702
3836 3903
3836 3904
3836 3905
3836 3906
3836 2415
3836 3907
3836 3908
3836 3909
3836 3910
3836 3911
3836 3912
3836 3913
3836 3914
3836 3915
3836 3916
3836 3917
3836 3918
3836 3919
3836 3920
3836 3921
3836 3922
3836 3923
3836 3924
3836 3925
3836 3926
3836 3927
3836 3928
3836 3929
3836 3930
3836 3931
3836 3932
3836 3933
3836 3934
3836 3935
3836 3936
3836 3937
3836 3938
3836 3939
3836 3940
3836 3941
3836 3942
3836 3943
3836 3944
3836 3335
3836 3945
3836 3946
3836 3947
3836 3948
3836 3949
3836 3950
3836 3951
3836 3952
3836 3953
3836 3954
3836 3955
3836 3956
3836 3957
3836 3958
3836 3959
3836 3960
3836 3961
3836 3962
3836 3963
3836 3964
3836 3965
3836 3966
3836 3967
3836 3968
3836 3969
3836 3970
3836 3971
3836 3972
3836 3973
3836 3974
3836 3975
3836 3976
3836 3977
3836 3978
3836 3979
3836 3980
3836 3981
3836 3982
3836 3983
3836 3984
3836 3985
3836 3986
3836 3987
3836 3988
3836 3989
3836 3990
3836 3991
3836 3992
3836 3993
3836 3994
3836 3995
3836 3996
3836 3997
3836 3998
3836 3999
3836 4000
3836 4001
3836 4002
3836 4003
3836 4004
3836 4005
3836 4006
3836 4007
3836 4008
3836 4009
3836 4010
3836 4011
3836 4012
3836 4013
3836 4014
3836 4015
3836 4016
3836 4017
3836 4018
3836 4019
3836 4020
3836 4021
3836 4022
3836 4023
3836 4024
3836 4025
3836 4026
3836 4027
3836 4028
3836 4029
3836 4030
3836 4031
3836 4032
3836 4033
3836 4034
3836 4035
3836 4036
3836 4037
3836 4038
3836 4039
3836 4040
3836 4041
3836 4042
3836 4043
3836 4044
3836 4045
3836 4046
3836 4047
3836 4048
3836 4049
3836 4050
3836 4051
3836 4052
3836 4053
3836 4054
3836 4055
3836 4056
3836 4057
3836 4058
3836 4059
3836 4060
3836 4061
3836 4062
3836 4063
3836 4064
3836 4065
3836 4066
3836 4067
3836 4068
3836 4069
3836 4070
3836 4071
3836 4072
3836 4073
3836 4074
3836 4075
3836 4076
4076 4077
3960 4078
3960 4079
3948 4080
3946 4081
4081 3946
3945 4082
3945 4083
4082 3945
3943 4084
3939 4085
3937 4086
3936 4087
4087 4088
4088 4087
4088 4089
4089 4088
3931 3930
3930 4090
3929 4091
3929 4092
3926 4093
3925 1039
3925 4094
4094 1039
3923 4095
3923 4096
4095 4097
4095 3923
4095 4098
4097 4099
4097 4100
4097 4101
4097 4102
4100 4103
4099 4104
4104 4099
3910 4105
4105 3910
4105 4106
3909 4107
3907 4108
3905 4109
3905 4110
3903 4111
4111 4112
4111 4113
4111 4114
4111 4115
4111 3903
4111 4116
4114 4117
4112 4118
3901 4119
3897 4120
4120 4121
3895 4122
3895 4123
3895 4124
3894 4125
3894 4126
3893 4127
3893 4128
3893 4129
3889 4130
3888 4131
3885 4132
3884 4133
4133 4134
4133 3884
4133 4135
4133 4136
4133 4137
4133 4138
4133 4139
4133 4140
4133 4141
4133 4142
4133 4143
4133 4144
4133 4145
4133 4146
4133 4147
4133 4148
4133 4149
4133 4150
4133 4151
4133 4152
4133 4153
4133 4154
4133 4155
4134 4156
4134 4157
4156 4134
4156 4158
4156 4159
4156 4160
4156 4161
4160 4162
4160 4163
4162 4164
4162 4160
4162 4165
4162 4166
4162 4167
4165 4168
4165 4169
4158 4170
4170 4171
4170 4172
3881 4173
3880 4174
3878 3886
3878 3894
3878 4175
4175 4176
3876 4177
3876 4178
3876 4179
3876 4180
4177 4181
3873 4182
4182 4183
4182 4184
3872 4185
3872 4186
3872 4187
3872 4188
3871 4189
4189 4190
4190 4191
4191 4192
4192 4191
3869 4193
3867 4194
3867 4195
4194 4196
3866 4197
3865 4198
3865 4199
3865 4200
4199 4201
4198 4202
4198 4203
3864 4204
3864 4205
3864 4206
3864 4207
3864 4208
3864 4209
3864 4210
3864 4211
3864 4212
3864 4213
3864 4214
3864 4215
4205 4216
4204 4217
4204 4218
4204 4219
4204 4220
4219 4221
4219 4222
4217 4223
3862 4224
3862 4225
3861 3793
3861 4226
3861 4227
3861 4228
4228 4229
4226 4230
3860 4231
3860 4232
3859 4233
3859 4234
3859 4235
3859 4147
3859 4236
3859 4237
3859 4238
3859 4239
3859 4240
3859 4241
3859 4242
3859 4243
3859 4244
3859 4245
3859 4246
3859 4247
3859 4248
3858 2311
3858 4249
4249 4250
4249 39
4250 4251
4251 4252
3856 4253
3855 4254
3855 4255
3855 4256
3855 4257
3855 4258
4255 4259
4259 4255
4259 4260
3854 4261
3854 4262
3854 4263
3853 4264
3853 4265
3852 4266
3852 4267
4267 4268
4267 4269
4267 4270
4267 4271
4267 4272
4267 4273
4267 4274
4266 4275
4275 4276
3851 4277
3851 4278
3849 4279
3849 3914
4279 4280
4279 4281
4279 4282
4279 4283
4280 4284
4280 4285
4280 4286
4280 4287
4280 4288
4286 4289
4286 4290
4284 4291
4284 4292
4284 4293
4284 4294
4284 4295
4293 4296
4293 4297
4293 4298
4297 4299
4299 4300
4299 4301
4299 4302
4299 4303
4299 4297
4301 4304
4301 4305
4300 4306
4300 4307
4306 4308
4306 4309
4306 4310
4306 4311
4306 4312
4306 4313
4306 4314
4306 4315
4306 4316
4316 4317
4316 4318
4308 4319
4308 4320
4308 4321
4308 4322
4321 4308
4296 4323
4323 4324
4291 4325
4291 4326
4291 4327
4291 4328
4291 4329
4327 4330
4327 4331
4326 4332
4332 4333
4333 4332
4333 4334
4325 4335
4325 4336
3848 4337
3847 1043
3846 4338
3846 4339
3846 4340
3846 4341
4340 4342
4339 4343
4343 4344
4343 4345
4343 4346
4343 4347
4344 4348
4338 4349
4338 4350
4338 4351
4338 4352
4338 4353
4352 4354
4352 4355
4352 4356
4351 767
4351 4355
4350 4357
4357 4350
3845 4358
3845 4359
3845 4360
3845 4361
3845 4362
3845 4363
4358 4364
4364 4365
3844 2496
3843 4366
3843 4367
3843 4368
3843 4369
4366 4370
4366 4371
3842 4372
3842 4373
3842 2115
3842 2717
3842 4374
3842 4375
3842 3871
3842 4376
3842 4377
3842 4378
3842 4379
3842 4380
4377 2595
4375 4381
4375 4382
4375 4383
4375 4384
4375 4385
4375 4386
4375 4387
4375 4388
4375 4389
4375 4390
4390 4391
4374 4392
4374 4393
4392 4394
4373 4395
4372 4396
3840 4397
3840 4398
3840 4399
3840 4400
3840 4401
3840 4402
4402 4403
4401 4404
4399 4405
3838 3753
3838 4406
3838 4407
3838 4408
3837 3787
3837 4409
3837 4410
3837 4411
4410 3837
4410 4412
4409 4413
4409 4414
4413 4415
4415 4416
4417 4418
4417 4419
4417 4420
4417 4421
4417 4422
4417 4423
4417 4424
4417 4425
4417 4426
4417 4427
4417 4428
4417 4429
4417 4430
4417 4431
4417 4432
4417 4433
4417 4434
4417 4435
4417 4436
4417 4437
4417 4438
4417 590
4417 4439
4417 4440
4417 4441
4417 4442
4417 4443
4417 4444
4417 4445
4417 4446
4417 4447
4417 4448
4417 4449
4417 4450
4417 4451
4417 4452
4417 4453
4417 4454
4417 4455
4417 4456
4417 4457
4417 4458
4417 4459
4417 4460
4417 4461
4417 4462
4417 4463
4417 4464
4417 4465
4417 4466
4417 4467
4417 4468
4417 4469
4417 4470
4417 4471
4417 4472
4417 4473
4417 4474
4417 4475
4417 4476
4417 4477
4417 4478
4417 4479
4417 4480
4417 4481
4417 4482
4417 4483
4417 4484
4417 4485
4417 4486
4417 4487
4417 4488
4417 4489
4417 4490
4417 4491
4417 4492
4417 4493
4417 4494
4417 4495
4417 4496
4417 4497
4417 4498
4417 4499
4417 4500
4417 4501
4417 4502
4417 4503
4417 4504
4417 4505
4417 4506
4417 4507
4417 4508
4417 4509
4417 4510
4417 4511
4417 4512
4417 4513
4417 4514
4417 4515
4417 4516
4417 4517
4417 4518
4417 4519
4417 4520
4417 4521
4417 4522
4417 4523
4417 4524
4417 4525
4417 4526
4417 4527
4417 4528
4417 4529
4417 4530
4417 4531
4417 4532
4417 4533
4417 4534
4417 4535
4417 4536
4417 4537
4417 4538
4417 4539
4417 4540
4417 4541
4417 4542
4417 4543
4417 4544
4417 4545
4417 4546
4417 4547
4417 4548
4417 4549
4417 4550
4417 4551
4417 4552
4417 4553
4417 4554
4417 4555
4417 4556
4417 4557
4417 4558
4417 4559
4417 4560
4417 4561
4417 4562
4417 4563
4417 4564
4417 4565
4417 4566
4417 4567
4417 4568
4417 4569
4417 4570
4417 4571
4417 4572
4417 4573
4417 4574
4417 4575
4417 4576
4417 4577
4417 4578
4417 4579
4417 4580
4417 4581
4417 4582
4417 4583
4417 4584
4417 4585
4417 4586
4417 4587
4417 4588
4417 4589
4417 2979
4417 4590
4417 4591
4417 4592
4417 4593
4417 4594
4417 4595
4417 4596
4417 4597
4417 4598
4417 4599
4417 4600
4417 4601
4417 4602
4417 4603
4417 4604
4417 4605
4417 4606
4417 4607
4417 4608
4417 4609
4417 4610
4417 4611
4417 4612
4417 4613
4417 4614
4417 4615
4417 4616
4417 4617
4417 4618
4417 4619
4417 4620
4417 4621
4417 4622
4417 4623
4417 4624
4417 4625
4417 4626
4417 4627
4417 4628
4417 4629
4417 4630
4417 4631
4417 4632
4417 4633
4417 4634
4417 4635
4417 4636
4417 4637
4417 4638
4417 4639
4417 4640
4417 4641
4417 4642
4417 4643
4417 4644
4417 4645
4417 4646
4417 4647
4417 4648
4417 4649
4417 4650
4417 4651
4417 4652
4417 4653
4417 4654
4417 4655
4417 4656
4417 4657
4417 4658
4417 4659
4417 4660
4417 4661
4417 4662
4417 4663
4417 4664
4417 4665
4417 4666
4417 4667
4417 4668
4417 4669
4417 4670
4417 4671
4417 4672
4417 4673
4417 4674
4417 4675
4417 4676
4417 4677
4417 4678
4417 4679
4417 4680
4417 4681
4417 4682
4417 4683
4417 4684
4417 4685
4417 4686
4417 4687
4417 4688
4417 4689
4417 4690
4417 4691
4417 4692
4417 4693
4417 4694
4417 4695
4417 4696
4417 4697
4417 4698
4417 4699
4417 4700
4417 4701
4417 4702
4417 4703
4417 4704
4417 4705
4417 4706
4417 4707
4417 4708
4417 4709
4417 4710
4417 4711
4417 4712
4417 4713
4417 4714
4417 4715
4417 4716
4417 4717
4417 4718
4417 4719
4417 4720
4417 4721
4417 4722
4417 4723
4417 4724
4417 4725
4417 4726
4417 4727
4417 4728
4417 4729
4417 4730
4417 4731
4417 4732
4417 4733
4417 4734
4417 4735
4417 4736
4417 4737
4417 4738
4417 4739
4417 4740
4417 4741
4417 4742
4417 4743
4417 4744
4417 4745
4417 4746
4417 4747
4417 4748
4417 4749
4417 4750
4417 4751
4417 4752
4417 4753
4417 4754
4417 4755
4417 4756
4417 4757
4417 4758
4417 4759
4417 4760
4417 4761
4417 4762
4417 4763
4417 4764
4417 4765
4417 4766
4417 4767
4417 4768
4417 4769
4417 4770
4417 4771
4417 4772
4727 4773
4720 4774
4702 4775
4700 4776
4696 4777
4777 4778
4693 4779
4613 4780
4612 4781
4781 4782
4781 4612
4611 4783
4783 4611
4606 4784
4605 4785
4585 4786
4585 4787
4786 4788
4786 604
4786 4789
4786 4790
4786 4791
4786 4792
4786 4793
4786 4794
4786 4795
4786 4796
4786 4797
4786 4798
4786 4799
4786 4800
4786 4801
4795 4802
4791 4803
4791 4804
4804 4791
4789 4805
4789 4806
4788 4807
4788 4808
4788 4809
4807 4810
4584 4811
4499 4812
4482 4813
4482 4814
4813 4482
4478 4815
4477 4816
4474 4817
4469 4818
4469 4819
4469 4820
4819 4469
4818 4821
4818 4822
4818 4823
4823 4824
4822 4825
4821 4826
4468 4827
4467 3390
4467 4828
4466 4829
4466 4830
4830 4831
4460 4832
4832 4833
4832 4834
4832 4835
4456 4836
4456 4837
4456 4838
4456 4839
4456 4840
4456 4841
4456 4842
4836 4843
4836 4844
4836 4845
4452 4846
4846 4452
4451 4847
4450 4848
4450 4849
4450 4850
4450 4851
4446 4417
4446 4852
4446 4853
4446 4854
4446 4855
4446 4856
4446 4857
4446 4858
4446 4859
4446 4860
4446 4861
4446 4862
4446 4863
4446 4864
4446 4865
4446 4866
4446 4867
4446 4868
4446 4869
4446 4870
4852 4446
4852 4871
4871 4872
4872 4871
4444 4873
4444 4874
4874 4875
4442 4876
4442 4877
4876 4878
4441 4879
4441 4880
4440 4881
4440 4882
4437 4883
4437 4884
4437 4885
4437 4886
4436 4887
4436 4888
4434 4889
4434 4890
4434 4891
4431 4892
4431 3479
4431 4893
4431 4894
4431 4895
4893 4896
4896 4893
4429 4897
4428 4898
4428 4899
4428 4900
4899 4901
4427 4902
4424 4903
4903 4904
4903 4905
4903 4906
4903 4907
4903 4908
4903 4909
4903 4910
4903 4911
4907 4903
4422 4912
4422 4913
4422 4914
4422 4915
4914 4916
4914 4917
4914 4918
4917 4919
4917 4920
4917 4921
4916 4922
4916 4923
4916 4924
4922 4925
4922 4926
4922 4915
4925 4927
4913 4928
4928 4929
4912 4930
4912 4931
4912 4932
4420 4933
4933 4934
4933 4935
4933 4936
4933 4937
4933 4938
4933 4939
4933 4940
4933 4941
4419 4942
4419 4943
4418 4944
4418 4945
4418 4946
4946 4947
4944 4948
4944 4949
4948 4950
-1 -1
363 1677 1867 2776 8499 
-1 -1
1677 1867 363 8499 2776 