75879 508837
363 1061
363 799
363 5202
363 1942
363 2967
363 1973
363 1286
363 1386
363 1999
363 1733
363 1328
363 2054
363 2631
363 2137
363 2715
363 2878
363 2950
363 5288
363 3204
363 2203
363 3877
363 4335
363 5381
363 5418
363 5422
363 5476
363 5486
2950 1319
2878 643
643 3424
643 1786
643 2720
643 9193
2720 1626
1626 1437
1437 68
1437 108
1437 163
1437 1813
1437 4162
4162 55
4162 630
4162 566
630 1140
1140 92
1140 7150
92 2
1813 490
1813 1168
1168 1397
1397 30
1397 2696
30 210
30 234
30 882
30 1481
234 502
234 1116
234 2685
502 493
502 2218
502 8635
2218 2452
2452 220
493 186
186 1207
186 2124
1207 656
656 287
656 540
656 680
656 4601
680 387
387 292
292 70
292 372
292 317
372 70
70 167
70 275
70 529
540 4813
4813 321
321 1458
287 6
287 956
6 304
210 632
210 1182
210 2705
210 2814
2705 181
2705 405
2705 3228
2705 3315
3228 1896
3228 594
3228 1590
1590 8352
1590 13112
1590 13123
1590 13134
8352 4593
4593 2721
594 489
594 3531
3531 3861
3531 2479
3531 16087
3531 8777
489 600
600 1972
1896 10
1896 42
1896 45
1896 8487
1896 14852
1896 2919
1896 4960
1896 7945
1896 6055
1896 6173
1896 6452
4960 2508
4960 5364
4960 28973
4960 28995
14852 9785
14852 9039
9785 10309
8487 2125
405 142
632 2641
108 14
108 563
108 1980
108 1159
1980 2517
2517 2539
2517 6450
68 73
73 24
3424 14622
2715 2008
2008 201
2008 2524
2524 1221
1221 678
678 1981
1981 33
1981 99
1981 14576
99 208
208 338
338 144
338 354
338 1867
338 401
338 674
338 725
1867 106
1867 113
1867 631
1867 1189
1867 676
1867 15036
1867 924
1867 1723
1867 1766
1867 1816
1867 7278
1867 2561
1867 5263
1867 2934
1867 7188
1867 13103
1867 11126
1867 11753
1867 15399
11753 20868
7188 795
795 1034
795 4991
1034 946
946 435
946 922
946 2697
946 5807
1816 9883
924 114
924 506
924 2471
2471 652
506 4670
631 41
631 57
631 1844
41 294
41 951
41 2418
2418 296
2418 243
2418 734
2418 18542
296 97
296 185
296 5140
185 313
185 6039
6039 380
6039 3515
3515 2477
3515 1768
3515 2609
2609 5322
1768 2104
380 479
313 161
97 89
89 189
189 371
189 476
189 1040
371 318
318 88
318 2686
2686 155
2686 3901
155 119
155 466
155 1729
1729 1406
1729 1196
119 143
119 1013
294 323
294 492
492 2645
2645 3477
2645 18996
18996 2136
2136 1296
1296 5380
3477 10424
323 4705
113 116
113 276
113 285
285 152
152 123
123 248
123 398
276 438
438 179
179 519
519 230
116 103
116 671
103 283
354 1759
33 534
201 1059
2137 17284
1328 4719
1999 2510
1999 1811
1999 5107
1999 3170
2510 1754
2510 746
2510 1162
746 9847
746 1202
746 9874
1202 15
15 274
274 157
274 646
646 62
646 316
316 1012
316 7325
62 769
62 2695
2695 19339
157 427
157 434
434 178
434 661
661 2982
178 74
74 417
74 159
74 662
662 1156
417 392
1286 9592
1973 16168
5202 487
5202 2100
2100 715
715 1015
1015 3179
3179 1648
487 40
487 8356
487 2023
487 2166
487 8383
40 25
40 196
40 325
40 546
40 842
40 1051
40 2042
40 2148
40 2326
40 2336
40 2385
2336 6388
6388 34629
2042 5833
5833 1679
1679 548
1679 10452
1679 2032
1679 14481
1679 10905
1679 13705
10452 7196
548 4546
1051 150
1051 557
150 26
26 279
26 679
26 1181
279 21
279 851
851 58
851 2445
851 9190
58 237
58 1115
237 1530
1530 277
1530 362
1530 253
362 1492
277 158
277 842
277 5856
158 605
21 35
35 1765
325 174
325 845
196 120
196 1385
120 475
799 335
335 512
335 735
335 1154
335 1157
1154 621
1061 809
763 303
763 3794
763 818
763 3813
763 6023
763 1117
763 9678
763 7107
1117 928
818 811
811 3974
3974 3879
3879 770
3879 445
770 1367
1016 920
1016 4723
1016 2070
1016 3174
1016 8088
1016 10926
1016 10985
1016 11006
2070 3104
920 4514
4514 395
4514 2902
2902 1814
395 1912
1912 1255
1912 522
1677 428
1677 3299
1677 1564
1677 1808
1677 1815
1677 2048
1677 7748
1677 13801
1677 13858
1677 8049
1677 14040
1677 14196
1677 14431
1815 526
526 536
536 624
536 945
536 1090
536 1466
1466 1077
1077 4639
945 520
945 1582
945 1627
945 10585
945 10605
520 624
520 289
2743 3669
2743 5144
2743 8502
5144 530
5144 1139
5144 5876
1139 4415
530 4388
530 8755
4388 3594
4388 2874
4388 15601
4388 2890
2890 736
736 2649
736 4308
2649 511
2649 3155
2874 954
3594 293
3594 2210
3669 231
3669 1053
3669 2200
2776 7930
2776 9453
2776 6314
2776 15978
2776 19706
2776 13906
2776 19799
2776 19830
2776 19928
6314 2225
4971 5972
4971 2989
4971 6135
4971 8790
4971 15691
4971 24071
4971 23123
4971 15798
4971 29120
4971 29141
15691 15659
6135 419
6135 2265
2989 132
132 233
233 1058
1058 1089
8499 23889
8499 35428
8499 18199
8499 22188
8499 9026
8499 17309
8499 35533
8499 26126
8499 35696
8499 35722
9026 603
9026 9022
