6 2067
6 1348
6 1097
6 1249
6 1216
6 2146
7 2085
7 1528
7 2053
7 2051
7 2050
7 745
7 2147
745 2053
745 1227
1528 441
1528 1000
1528 2071
11 52
11 937
11 409
11 753
11 537
11 233
11 232
11 111
11 16
11 1333
11 2008
11 1301
11 757
11 2049
11 1893
11 2073
11 2077
11 1344
11 2122
11 1915
11 1354
11 2084
11 753
11 2099
11 2129
11 2127
11 2004
11 1219
11 1469
11 25
11 2136
11 1228
11 1443
11 532
11 2184
532 439
532 595
532 655
532 358
532 429
532 1714
532 1727
532 1752
532 876
532 2179
532 1771
532 1959
532 1895
532 1977
532 1791
532 1372
1771 1729
1771 1652
1771 1737
876 1772
876 1029
1727 1549
358 1653
655 177
655 548
1443 713
713 732
1228 1492
25 223
25 717
25 1119
2127 2126
1354 2102
1344 208
208 1423
2073 1981
1301 87
1301 385
385 136
385 1716
385 1735
385 1088
385 1365
385 1690
136 513
136 77
136 1934
136 111
1333 2009
1333 934
1333 2104
1333 1326
1333 1376
934 148
2009 1950
16 738
16 421
16 13
16 2090
16 1009
16 1933
16 2003
16 2118
16 940
940 929
940 2047
929 541
929 2097
2003 2043
13 2125
421 253
421 133
421 865
421 202
421 165
421 736
421 1983
165 278
165 69
253 571
253 582
253 502
253 1487
502 356
502 514
502 961
502 564
502 562
961 1092
514 1641
356 444
356 1700
232 1437
1437 1151
753 931
409 440
409 709
409 284
409 268
409 438
409 754
409 747
409 755
754 734
438 1966
268 1004
284 486
284 112
284 943
284 1184
284 1203
284 1233
486 1057
937 408
937 1325
937 1331
19 544
19 1250
19 1594
544 193
544 1957
544 528
528 794
528 430
528 2107
794 171
794 411
794 1563
794 1564
411 759
411 726
193 597
193 129
21 936
21 1018
21 919
21 790
21 2135
21 1191
21 2150
21 1170
21 2158
21 1305
21 1218
790 823
790 1172
1018 2091
1018 1284
936 2106
936 887
887 883
887 403
887 1014
887 1298
1014 412
1014 1521
412 788
412 724
412 172
412 1255
1255 2100
788 236
788 154
154 283
154 658
658 346
658 196
658 1115
196 31
31 1978
31 1888
236 1181
403 2148
237 28
237 700
237 80
237 141
237 195
237 906
237 1707
237 1709
237 1026
237 1730
237 1638
237 1581
237 1647
237 661
237 1698
237 1650
237 1396
237 1798
237 1599
237 1601
237 1607
237 1111
237 164
237 1556
237 977
237 505
237 1434
237 1336
1336 1426
1336 1247
1336 1153
1434 1090
164 1094
1798 1304
1650 1742
1650 1808
1650 1597
1650 2181
1647 1683
1647 1391
906 1322
906 1824
1322 1476
195 868
195 1896
195 1906
195 1412
868 37
868 560
275 71
275 145
275 1001
275 1399
275 1105
275 1416
275 637
275 1178
275 536
275 1472
275 926
275 1478
275 1237
275 1481
275 1488
275 1490
1237 1433
145 127
145 387
71 1943
71 1954
71 1863
311 281
311 38
311 599
311 294
311 261
311 241
311 103
311 49
311 1405
311 1392
311 1574
261 519
261 85
294 701
294 763
294 765
765 980
765 1384
701 436
281 1302
281 1164
281 1306
317 152
317 1523
317 1567
152 134
152 182
318 183
318 173
318 95
318 56
318 1593
173 1414
173 1692
321 720
321 1050
321 493
321 959
321 1441
321 909
321 1671
321 1776
321 1866
321 2020
321 1657
1866 1120
909 1940
720 880
720 1211
720 1526
1526 1291
333 254
333 960
333 821
333 206
333 185
333 81
333 1930
333 787
333 1923
333 1961
1930 1149
206 1409
206 1605
821 705
821 240
821 1374
254 98
254 1610
254 1440
339 54
339 573
339 841
339 508
339 394
339 64
339 1413
339 835
339 1609
339 1108
339 1787
339 857
339 2011
339 2188
857 291
835 201
835 837
835 1157
835 1139
64 192
64 871
64 370
871 250
871 1054
871 665
871 672
665 614
665 1081
1081 558
1081 554
1081 1740
250 693
250 965
250 1210
965 10
10 2001
10 24
24 1986
24 1982
1986 2088
508 1664
508 1912
1664 1911
573 1717
573 1371
343 620
343 696
343 390
343 670
343 167
343 606
343 398
343 2101
343 2086
343 1179
343 1361
343 1902
343 1960
343 1785
343 1596
343 1968
343 2183
343 2185
343 2186
343 2187
167 432
167 947
167 60
167 88
167 1397
167 1904
167 1626
390 290
359 816
359 1080
359 104
359 426
359 1128
359 1110
359 711
359 1395
816 423
399 1547
399 1345
399 2157
399 392
399 23
399 833
833 917
833 963
833 1230
470 128
470 373
470 427
470 1411
470 1897
470 1644
373 1736
473 130
473 702
473 1076
473 946
473 583
473 526
702 443
702 1403
130 75
130 1540
680 428
680 921
680 728
680 817
680 1755
680 2177
680 1763
921 375
375 1532
428 1711
428 1645
