
1 5 0.0131648 0.1706 0.492001 0.0802924 -0.263932
791 719 992
780 722 996
782 718 994
785 724 988
784 724 987

5 5 1235987 0.0217738 0.175957 1190961 0.512833 1746 1193054 0.132863 0.20181
703 566 591
556 408 418
916 689 313
885 832 573
925 873 586
283 302 315
396 384 385
269 271 275
252 223 251
469 266 311

5 5 1239268 0.0242731 0.177877 1193635 0.51954 1191856 619 777 444 695 469 511 337 449 530 267 0.0749737 0.151016
498 388 402
330 253 312
688 654 658
497 477 468
831 682 386
279 191 285
774 818 421
246 449 375
829 680 353
312 183 268

5 5 1234231 0.0225024 0.170881 1191221 0.49113 1198910 543 520 544 414 551 482 413 434 236 271 0.0979612 0.0992786
580 378 580
534 555 677
830 842 685
961 793 567
917 776 341
274 243 265
635 586 750
948 893 722
251 238 264
319 301 316

5 5 1242015 0.021999 0.173129 1192788 0.50874 1193052 369 997 968 698
538 465 483 443
623 993 979 789
374 682 439 489
399 780 835 458
305 542 476 527
423 849 730 385
377 348 302 326
316 623 499 592
244 230 219 233
0.0931251 0.19226

5 5 1240314 0.0231538 0.171415 1193169 0.496287 1190841 365 1115 1087 946
370 1116 1078 948
364 1109 1083 957
396 1111 1086 943
489 1114 1086 953
401 1105 1079 949
502 1112 1083 951
332 1107 1073 954
304 1105 1089 947
363 1117 1079 943
0.0259065 0.145784

5 5 1236777 0.0262107 0.18032 1193478 0.527922 1193025 1743 1106 1088 948
1109 1092 952
1109 1082 949
1107 1088 948
1104 1089 949
0.0173401 0.142546
